954 178
1 714 471279171
2 714 619172563
3 714 997857547
4 714 58144832
714 5 144372056
6 714 702629105
714 7 156160152
714 8 384703764
714 9 469509707
10 714 378355864
714 11 306211005
12 714 480481715
13 714 95070432
714 14 705518952
714 15 450891002
16 714 873424867
17 714 43043928
714 18 92873018
19 714 973210073
714 20 372669522
714 21 902649381
714 22 112285404
714 23 308147102
714 24 927536990
714 25 814946799
714 26 975029803
714 27 175914418
28 714 958098365
714 29 107411411
714 30 696128086
31 714 832740902
714 32 901399697
714 33 456159285
714 34 513558877
714 35 897378317
36 714 489347828
714 37 531941938
38 714 169167186
714 39 807740021
714 40 165815272
41 714 2786807
42 714 543707915
43 714 236384215
714 44 743943626
714 45 636571539
714 46 205251951
47 714 681783516
48 714 952530549
714 49 115264188
50 714 42723221
51 714 259318950
52 714 249920867
714 53 786061041
54 714 942095516
55 714 300924163
56 714 708639502
57 714 732508113
58 714 963978282
59 714 561451991
60 714 41304760
714 61 909621143
62 714 406076060
63 714 665897296
64 714 793965916
714 65 597702848
66 714 636522967
67 714 317812790
68 714 964898472
69 714 216974661
70 714 217099354
71 714 99172219
714 72 540251610
714 73 855886026
714 74 398170278
75 714 269493586
76 714 457412562
77 714 568478745
78 714 655115963
79 714 220400507
80 714 608343896
81 714 681603916
82 714 199157038
714 83 396674598
84 714 300659186
85 714 3961631
714 86 638970908
87 714 735108772
88 714 301977053
89 714 65438410
90 714 923014408
91 714 719930430
714 92 323137972
714 93 490462012
714 94 235841453
95 714 667466795
96 714 284483102
714 97 681586073
714 98 404917949
99 714 685750455
714 100 164088026
101 714 545445534
102 714 396873823
714 103 939706289
714 104 849235623
714 105 953609479
106 714 815280388
107 714 829075618
108 714 811088458
109 714 710127364
714 110 732068418
714 111 925997002
112 714 840111410
113 714 176110104
714 114 307949503
115 714 763945369
714 116 58295698
117 714 497670919
118 714 721617177
714 119 6637706
714 120 24594323
714 121 816799347
714 122 365530961
123 714 441584265
714 124 387082268
125 714 378528812
126 714 170265002
714 127 67328536
714 128 895130451
714 129 768931379
130 714 540835538
131 714 75218293
132 714 656718277
133 714 981067367
714 134 271910285
714 135 916987168
136 714 819260406
137 714 441610580
138 714 559076342
139 714 894035428
140 714 152526114
141 714 920200608
714 142 319118184
143 714 979339331
714 144 931452979
714 145 647207781
146 714 817410610
147 714 321085941
148 714 124492127
714 149 971098739
714 150 89268691
714 151 223001297
714 152 520389794
714 153 5002148
154 714 163587985
714 155 507974738
156 714 866915952
714 157 868827951
714 158 835299312
714 159 14729808
160 714 740218154
714 161 740708351
162 714 765921857
714 163 634119295
714 164 102039160
714 165 188341858
714 166 306844687
714 167 895271330
168 714 672484411
169 714 702572057
170 714 119997005
171 714 417681204
172 714 659619632
714 173 152051214
714 174 12603141
714 175 550619577
714 176 441633733
714 177 702364021
178 714 410118335
179 714 72622812
714 180 445870331
714 181 229406654
714 182 205390328
183 714 302410399
184 714 576037110
714 185 50862797
714 186 987445157
714 187 669113471
714 188 719440816
189 714 601262982
714 190 8823840
191 714 128763081
714 192 826355885
193 714 332361955
714 194 54029020
714 195 154471850
714 196 918990084
197 714 673237092
198 714 455969766
714 199 86642750
714 200 971008560
201 714 992416655
714 202 625278509
714 203 454336880
204 714 383573970
714 205 41981910
206 714 671123407
714 207 351436504
208 714 93813740
714 209 776851058
714 210 3851055
211 714 82906071
212 714 224311658
714 213 917520241
214 714 456258374
714 215 464822738
216 714 91370962
217 714 892903640
218 714 865142923
714 219 314968298
714 220 952358115
714 221 751412662
714 222 905395397
223 714 80794493
714 224 1794721
225 714 269898314
714 226 890710427
227 714 963266674
228 714 161790902
229 714 517677684
230 714 206320810
231 714 965874020
714 232 18273596
233 714 456797084
714 234 248692304
714 235 938712556
714 236 456472342
237 714 266991937
714 238 432690062
239 714 662193680
240 714 872941797
241 714 906450571
714 242 349546115
714 243 862162558
714 244 257861413
714 245 624544756
714 246 573255343
714 247 626812634
714 248 645654581
714 249 233319416
250 714 174619415
714 251 555858383
252 714 144743222
714 253 918689019
714 254 154987457
255 714 764161727
256 714 135514623
714 257 804995922
258 714 543310015
259 714 173769178
714 260 123364307
714 261 2285614
262 714 824517292
714 263 680778073
714 264 773066660
714 265 26301128
714 266 514251601
267 714 950992701
714 268 248417077
714 269 609800005
714 270 974459519
714 271 93672943
272 714 913293874
714 273 316051433
714 274 85506955
714 275 309231615
276 714 775776816
277 714 528791910
278 714 728425889
279 714 994793602
714 280 606630080
714 281 762703982
282 714 686617524
283 714 477058536
714 284 574235968
714 285 138865522
714 286 16447524
287 714 671324370
288 714 809133330
714 289 650336205
290 714 242528125
714 291 220051099
714 292 485494706
714 293 171353283
294 714 638140416
714 295 397080688
296 714 333693472
297 714 422820415
298 714 68256030
714 299 53169999
714 300 414534840
714 301 158230148
302 714 243262487
714 303 528492319
714 304 501953667
305 714 970679995
714 306 284151291
714 307 233850335
308 714 242890045
309 714 93620450
310 714 486934518
714 311 929203084
714 312 780143170
714 313 963394648
314 714 180651480
714 315 881711066
316 714 957443320
317 714 857678341
714 318 403516561
714 319 791167931
714 320 817287929
714 321 518015281
322 714 39954718
323 714 660298024
324 714 594058947
325 714 79873996
326 714 932450840
327 714 677692803
714 328 107004499
329 714 952634048
330 714 689904433
714 331 405072939
332 714 731613562
333 714 220851780
334 714 475107336
335 714 482123276
336 714 353445030
714 337 700021601
714 338 834673568
714 339 983811057
340 714 208139967
714 341 1555572
714 342 539645792
714 343 521587972
344 714 345377250
345 714 852948847
714 346 90551907
714 347 196802440
348 714 114984200
714 349 367457415
350 714 749813506
351 714 93820967
352 714 342035336
714 353 330808933
714 354 9430813
714 355 169393476
356 714 271316194
357 714 727726227
714 358 942363764
359 714 739346243
714 360 451919110
361 714 54129085
362 714 163591486
363 714 977972247
364 714 759714342
365 714 786144155
714 366 942345777
367 714 54284809
714 368 968956852
714 369 249567105
370 714 329063032
371 714 758397962
372 714 416191655
373 714 551529360
374 714 298179566
714 375 160219676
376 714 481329738
377 714 16351597
714 378 730683241
714 379 138962001
380 714 947892826
714 381 593327098
382 714 226215822
383 714 920286832
384 714 8848093
714 385 67452021
714 386 4302274
387 714 19048919
714 388 180364630
389 714 153960185
714 390 453849066
714 391 526953336
392 714 815725637
393 714 127453423
714 394 613439527
395 714 633266760
396 714 146127527
714 397 474401550
398 714 300062321
714 399 561636109
400 714 165784887
714 401 577655469
714 402 503046879
403 714 514734044
404 714 605247768
405 714 558715167
714 406 89352275
407 714 824101006
714 408 787443073
409 714 890128563
410 714 416670263
411 714 83988035
714 412 908732074
413 714 99244219
414 714 357790126
415 714 724624725
714 416 645391780
714 417 447860143
714 418 224836009
419 714 316068647
420 714 361222150
714 421 365723884
422 714 450973662
714 423 645592292
424 714 205617197
714 425 754361055
426 714 995186512
714 427 809027491
714 428 71428533
714 429 119786613
430 714 415016935
714 431 293177150
714 432 130699918
714 433 283715652
714 434 519735637
714 435 362034899
436 714 657696447
437 714 847742095
714 438 596820758
714 439 310563558
714 440 165991219
714 441 52958441
442 714 104357327
443 714 468868345
444 714 346685066
714 445 854808250
714 446 861541404
447 714 380022260
714 448 506536301
714 449 634842011
450 714 263972660
451 714 338371885
714 452 412037013
453 714 633179507
714 454 858272458
455 714 613114063
456 714 997186855
714 457 660922551
714 458 378786719
459 714 799215770
460 714 613131243
714 461 180784006
462 714 806360178
463 714 150450598
464 714 95016399
465 714 80837987
714 466 461630411
467 714 130433585
468 714 255861008
714 469 428814151
470 714 100206707
471 714 963687163
472 714 293704242
714 473 835935903
474 714 172557600
714 475 288583579
476 714 861224335
714 477 326070882
714 478 818828241
479 714 761262254
480 714 515831990
481 714 592189748
714 482 306221679
483 714 35752278
714 484 774760111
714 485 977206816
714 486 509013264
714 487 636083680
488 714 223069515
489 714 262937660
490 714 982656304
714 491 797761523
714 492 642964198
714 493 948296161
494 714 238565851
714 495 458993341
714 496 975234999
714 497 31139114
714 498 942813292
499 714 810257743
714 500 482901504
501 714 795025544
714 502 312085307
714 503 979154083
504 714 343330686
505 714 869508574
506 714 152107509
507 714 14612925
714 508 278242423
509 714 717310145
714 510 43754525
511 714 717789532
714 512 261225037
714 513 755197483
714 514 921826467
515 714 123201789
516 714 308100882
714 517 621112622
714 518 592695570
519 714 747014211
714 520 521200529
714 521 627078230
714 522 80852665
714 523 584683722
524 714 826936700
525 714 331168929
714 526 379049097
527 714 316743713
714 528 487902883
529 714 47473381
714 530 824347384
714 531 634301932
532 714 572274789
533 714 510548213
714 534 282774459
535 714 64284538
536 714 580136019
714 537 248518479
538 714 569035399
714 539 636012656
540 714 871559739
541 714 228619291
714 542 546876743
714 543 40569655
544 714 832692990
714 545 259932197
714 546 637132118
714 547 215883492
548 714 64931666
549 714 170089093
714 550 497414835
714 551 887125656
552 714 909350493
714 553 537949218
554 714 656116058
714 555 980459966
714 556 637691085
714 557 997996657
558 714 184447613
559 714 780565660
560 714 577054911
561 714 649711741
562 714 321384968
563 714 198252897
714 564 159651802
565 714 187406926
714 566 624388974
567 714 699589902
714 568 954532103
714 569 775756158
570 714 707722500
714 571 120473025
714 572 292138990
573 714 38564142
574 714 895815334
714 575 844208550
576 714 187876690
577 714 819992678
578 714 596682007
714 579 633894626
580 714 422109525
714 581 576042622
582 714 301479434
583 714 996329094
714 584 860155212
714 585 696183963
714 586 372362139
714 587 612629419
588 714 177494673
589 714 197727219
590 714 305881885
591 714 1482763
714 592 159154238
593 714 81652387
714 594 82790514
595 714 880735568
714 596 645304200
597 714 980246106
714 598 546570114
714 599 205179734
714 600 864609689
714 601 293955950
602 714 345279867
714 603 412462238
604 714 346842943
714 605 30790610
606 714 518555883
714 607 419366708
608 714 354892016
609 714 33342863
714 610 646748581
714 611 791264777
714 612 113794579
613 714 82616856
714 614 276431262
615 714 680480284
616 714 366681952
714 617 598925780
714 618 634232124
714 619 80737880
714 620 304149140
714 621 661167639
714 622 425093127
714 623 243950083
624 714 336764179
625 714 570659952
714 626 651602777
714 627 670846567
714 628 289119353
629 714 973440387
714 630 514562400
714 631 956410141
714 632 981411474
633 714 913586117
714 634 475668221
714 635 397001489
636 714 25897446
637 714 796621342
714 638 363143747
639 714 447115161
714 640 25378248
714 641 143167008
642 714 353884408
643 714 82421369
644 714 548727462
714 645 846593297
646 714 259783216
714 647 258219496
714 648 120334717
649 714 271683624
650 714 178964666
651 714 457690487
652 714 789679021
714 653 82072716
654 714 891759381
714 655 458085224
714 656 979090361
714 657 36105624
658 714 577487117
659 714 204280904
714 660 654168874
661 714 672909469
714 662 873289155
714 663 908381170
714 664 855644705
665 714 279341408
666 714 226396477
714 667 954146226
668 714 846498545
714 669 600566031
670 714 952106792
714 671 917243618
714 672 264014721
673 714 645912022
674 714 911788278
675 714 830965507
714 676 497349602
677 714 872687088
678 714 208775505
679 714 462642314
714 680 932409785
714 681 84887712
682 714 5530169
714 683 166946562
714 684 416552882
714 685 23490586
714 686 753065936
687 714 583374100
688 714 333086329
689 714 326378501
714 690 194882913
691 714 439490299
692 714 939284103
714 693 970898078
714 694 219683382
695 714 237847609
714 696 795472542
714 697 47897441
698 714 36442002
714 699 42632986
714 700 234542918
714 701 755450542
714 702 733134954
714 703 199346760
704 714 373088433
705 714 730210048
714 706 867886618
707 714 890341999
714 708 148215231
714 709 772526853
710 714 579240462
714 711 726436980
714 712 402435272
713 714 128818137
714 715 244593743
714 716 163815126
714 717 63166517
714 718 874838376
719 714 723047762
714 720 469615409
721 714 816647295
722 714 250094850
723 714 970134915
724 714 486007054
714 725 174455783
726 714 316379479
714 727 867785919
728 714 850908620
714 729 24702289
730 714 980763098
731 714 889986731
732 714 483273584
714 733 846698281
714 734 476745347
735 714 3372192
736 714 68037511
714 737 101500898
738 714 85529993
714 739 313433188
740 714 472139265
741 714 535411223
742 714 128961514
743 714 710205150
744 714 619164309
714 745 954291294
714 746 500824584
747 714 806016744
748 714 181196915
749 714 406374385
750 714 53204062
714 751 673878973
752 714 176545294
753 714 647026753
714 754 341525672
714 755 946158543
714 756 727848161
714 757 209723431
758 714 847364027
759 714 371498193
760 714 658396940
714 761 165541573
714 762 175812278
763 714 727635961
764 714 471620480
765 714 753089997
714 766 632929236
767 714 984445768
714 768 554874590
714 769 271789346
714 770 864072619
714 771 731722745
772 714 535323487
773 714 417481181
774 714 478734233
775 714 522791776
776 714 816974182
777 714 964187800
714 778 125452367
714 779 519393647
714 780 721222352
781 714 140740692
714 782 543700396
714 783 796985927
784 714 618238844
785 714 535922201
786 714 701103425
787 714 583452417
788 714 636691737
789 714 946531770
714 790 377217603
714 791 673242287
714 792 443330934
714 793 11757669
794 714 474153512
795 714 582247185
714 796 713240535
714 797 523053733
798 714 82772908
714 799 178647708
800 714 753765821
714 801 691882270
714 802 489541974
714 803 664243518
804 714 70470075
714 805 306570018
806 714 427525588
714 807 912662386
808 714 662937222
809 714 151889431
714 810 139994421
714 811 10954686
812 714 444238571
714 813 899114936
814 714 987163762
714 815 619931995
816 714 794856534
817 714 131526092
818 714 617582591
714 819 771745691
820 714 855773601
714 821 584263346
714 822 964738219
714 823 837614182
824 714 373431485
714 825 944338245
826 714 396987830
714 827 564014986
828 714 673345877
829 714 234906275
714 830 879497750
714 831 55940049
714 832 647494764
714 833 876580923
834 714 958959395
835 714 986401276
836 714 916867187
714 837 492655267
714 838 121487986
839 714 396416065
840 714 980341234
714 841 425749102
842 714 141646032
843 714 839335798
844 714 383968947
714 845 748794472
714 846 436531989
714 847 410802188
848 714 21467470
714 849 236865270
714 850 121989535
851 714 270414795
852 714 979695838
853 714 469521816
854 714 979085956
855 714 371507595
714 856 926041078
857 714 653101409
714 858 154922412
714 859 908135816
714 860 331409535
714 861 402448739
714 862 284301050
714 863 182482352
714 864 695833727
714 865 785912241
714 866 900020553
714 867 482351007
714 868 484590402
714 869 362699498
714 870 380610093
871 714 392395728
872 714 716486936
714 873 847695522
874 714 559467512
875 714 514832237
876 714 535750550
877 714 941055818
714 878 243665538
714 879 461925300
880 714 441918233
881 714 547809948
714 882 574353585
883 714 594315611
884 714 762485234
885 714 402628540
714 886 708700905
887 714 605300080
714 888 935776656
889 714 159224418
714 890 169687202
891 714 420564571
714 892 187890150
893 714 600263689
714 894 409597263
714 895 910240767
896 714 108588832
897 714 608844121
898 714 746096029
714 899 586678566
900 714 505813078
901 714 986840516
902 714 29683582
714 903 395098391
904 714 286529316
905 714 402241908
714 906 474131807
907 714 944450182
714 908 875561506
909 714 889165567
910 714 719046618
714 911 354803248
714 912 567715456
714 913 298836285
714 914 354676414
915 714 132030302
916 714 628503500
714 917 600910294
918 714 194810267
919 714 540048547
714 920 140471135
921 714 555871567
714 922 620345744
714 923 873184374
924 714 692549171
714 925 828381777
926 714 327883465
927 714 613302895
928 714 814655092
929 714 114336827
714 930 846174548
714 931 443269884
714 932 670278237
933 714 601130191
714 934 622945421
935 714 542045254
714 936 521376546
937 714 971211275
714 938 295726319
939 714 903207179
940 714 112556412
714 941 73106139
714 942 408725746
943 714 877763739
944 714 944273955
714 945 164687025
714 946 440491084
947 714 273699160
714 948 311994542
949 714 454518743
714 950 759877094
714 951 57769027
952 714 503866209
714 953 720483479
714 954 764987214
336626140 453038732
937291753 980969227
877559571 971683612
519594341 673789258
594871268 971914364
84214774 945946416
176652695 749895403
987059515 989092482
73317687 882120839
890703406 910610368
540717350 942909091
449789225 650484053
903249049 988474384
934700702 959860188
836126382 933982200
436960243 486666779
973999936 980092976
217584055 453737640
174936567 930989911
142883436 865349616
863576020 994309125
904258124 962126074
502581856 951611584
226776418 855952333
748101620 922214201
915449430 925076634
678366885 902431435
346324413 385744570
157103747 603034007
477485827 483066563
715124276 761887539
736735847 746041747
263875242 738096713
87085146 192776204
391253674 409940241
875187660 950702858
755127881 809042816
681424834 779974603
571758761 729917800
993493607 999509153
624730377 894355024
58622490 154549385
615188069 991006837
175688110 417911819
156325751 539122982
458768831 720217686
878716990 960395710
565159955 921342011
15707498 952572169
97102433 580521871
989396816 990404207
234255248 541405163
97855435 714150557
27632326 823385735
567193098 886502649
588614927 837300285
660905710 778042323
923772397 950287319
713332969 953207090
884638857 953895137
885947457 952471664
365777061 792083745
264964844 916457723
167017212 983687058
324905358 594006330
308583166 605786317
719576781 799658199
180057673 849687180
947942220 951036371
329800159 877777261
768485669 851556386
887791422 905227376
181486889 968898421
153646907 374257901
222390170 594013144
765535881 900431726
626304180 786644437
961140323 964948065
414000481 716957573
615757638 659939098
53266855 260957504
71421091 481629424
934698969 954015724
731873655 953593116
859806972 988192913
864728941 987007820
995400168 999642081
224256487 828811706
373028579 965290392
753840946 963014842
285332615 641466701
272271812 739652394
278014735 809018159
556879306 774564192
395140262 894309741
789857652 948396082
512523566 665969163
389012215 811843704
724166310 971061499
368457368 839381223
303488175 986689503
949151070 973847536
874630092 968039472
558927699 572794921
722975636 997856021
864289903 931514373
832130453 933813831
140289292 148986443
354451922 827016432
610185499 894571880
520422799 645844963
349055335 853109075
814180631 820244267
549946292 558370507
104107111 747715909
329587183 415683534
305488962 797536686
25738216 479385804
393972251 773743670
418698150 610789775
133725844 919614724
711357919 900412415
891726095 986014751
949051931 999764771
475875706 961153696
540335548 581374811
76867010 730999364
106665366 437209075
291947027 961881900
239991762 555386910
413129543 837530364
323367601 970510910
527741752 832058159
786737842 962215999
77970046 803491715
742007964 744233650
54465558 920585533
121030244 887813552
444257942 733732133
653481463 695192642
922302573 944645044
932609604 944946424
415006470 619673328
629914538 636161250
739240755 974198224
473365623 883694632
603202430 776911170
581150608 771664005
844828153 955751848
862714063 931178029
981753244 998966268
206198779 792267389
17360982 989985718
215923931 507076858
537235595 771750678
81422333 364425837
693572446 959404822
43674980 95386135
492103966 968755501
750300998 832044207
155872122 986258633
356789469 395791158
242320905 532546179
309567294 778819956
629365446 746191186
599439822 779538815
572067536 695280848
72984819 532260698
765383159 799048707
338751784 521135559
571264312 837519762
708968976 834176661
901064190 933808700
331812155 673210541
166631639 722470916
842763857 939957496
131290613 355317697
297776827 358749815
