98 741
69 15 957372226
44 69 356691270
18 44 983643615
76 18 742295661
68 69 497341442
54 68 997216125
87 18 420286548
59 68 605708666
17 15 574260102
19 15 646363622
89 18 490881410
29 54 59037813
56 18 400213348
27 17 121029932
7 19 677456051
34 59 736747180
5 15 472243906
51 34 831227970
20 17 370242181
86 69 660948326
41 89 998081027
22 59 457840613
36 41 611750767
30 56 768471785
2 36 499503886
3 27 807899040
12 15 58220408
97 27 942047097
37 34 167054757
4 29 417590201
8 29 580718865
71 56 212415066
94 5 236523822
93 86 493416143
14 22 702774639
21 5 671394373
38 19 569967850
45 37 914597781
47 37 803980904
48 89 986221387
96 38 77288834
61 69 393229176
9 45 414002162
16 45 175757489
85 94 735425135
49 47 795857578
72 30 566487745
60 87 403634718
79 36 951198244
23 69 31926271
35 38 320618574
13 86 152643468
90 48 95301609
75 97 3669847
62 15 943277130
64 89 62100827
95 44 447381526
25 2 755533244
92 97 473166564
88 19 437489250
31 13 667623945
11 14 439091493
82 56 404790578
32 37 616083782
46 17 707069224
74 68 791760329
83 11 985903530
84 5 241904984
57 31 537005891
70 35 289685944
81 20 193053314
80 92 793407718
73 31 882126650
91 86 866765119
66 64 241549353
77 38 215488810
24 77 15556339
6 17 331606098
42 29 360611514
55 32 9464422
26 80 777266874
67 29 413310977
50 76 349521099
1 90 967664779
28 95 431036048
98 62 542949418
39 25 815086068
43 41 77978075
65 26 61718876
53 47 330483658
63 86 631347181
58 87 330650419
33 7 588852568
10 45 88690310
52 60 621156438
78 51 15474856
40 58 445569608
901831080 997435354
788894418 990758280
26501221 318075077
812459515 869583302
772555452 924351801
103715721 516844894
575930684 717943034
589351095 868993584
960843208 970278226
475798884 584879684
600390860 728974702
591574235 847905143
557675671 646200589
916071949 923784737
570340331 861371166
210938351 433883515
932007744 984303067
341186645 391269389
13756246 779406359
572437840 744318930
101225040 536111913
536128140 762600394
794327813 975956627
853281946 901091356
208683753 929210780
189732946 238807370
793938865 926142562
345284136 595515904
849913336 934087338
566571031 658172086
626401368 716687508
247580700 966030563
370309056 941248961
279934043 991343048
513665173 711748857
710958354 976694093
491979512 625727027
469814452 473141820
892279381 993575276
748509176 825244965
839485504 943737220
79578814 493796492
157555075 641917051
905208480 921544119
821112126 997391574
793300010 898638891
737872895 856614353
217434554 672120570
706297649 871933544
116597990 949934131
923007215 977258768
215146421 977012695
472022626 882839394
972857879 974049730
854083598 888613865
40933456 775567838
524529502 927549698
563871369 795458308
896878509 972592577
640986516 844396089
70785847 494513702
450682567 633226041
708884756 725310616
173300237 503226142
328306895 641089531
589334856 851829540
497952122 576568301
446068870 853745409
622061012 675091539
460137597 886135052
411753779 972636244
239318889 664098317
347003966 905484763
222769389 657676376
66304839 315339470
297671700 976540001
541721631 962297711
280690924 402610778
887817585 987843114
2916934 214459071
638036544 860052514
221280567 743644848
606119925 972267625
227234383 566945699
284492141 624347514
728609804 942510527
417362225 780441724
652908218 753634430
332480881 466176629
851680742 952098093
439465537 580175569
908914675 923789788
575718722 632043473
91195665 884523988
343575772 853181916
266342953 821635547
281011762 994050602
632922040 991987666
964759584 972693045
515471587 759194302
393398984 985992558
385501302 751708932
718981411 847449286
417710752 997425104
727008788 898651897
290671598 467439090
381958304 752275174
742352765 896046297
275493193 749908284
266094974 614570792
180598223 306372458
432471438 965081879
469196454 529502114
149752800 377265723
160254003 196248236
42316712 580894549
920982561 928582536
957464597 969402706
131601676 744930563
495605677 622775817
422178779 666889070
135456703 200652010
927785381 959629786
795447661 932763983
178848670 679380240
283070175 850365172
206485093 245793119
893856307 920673939
502101652 519993340
161540413 726353721
10839613 462594937
299048495 716396013
504539819 521553722
978663626 981571018
62213049 642228886
721307816 845737140
375484223 685772180
489087720 535753799
237445981 707474187
363489369 903472986
330826445 801557801
761175874 819803390
935501415 949719184
439500331 959257206
876410736 989401121
12400899 912968932
845783940 854504573
564738601 694330253
895209596 936130354
240561799 320988138
404524604 675434444
749158886 868530133
910984461 947838735
513588512 966644951
908772169 953452902
588753405 909759412
776127357 980638141
242471324 573723173
630208934 651063230
821779517 911038694
564254252 620545203
2416342 748649008
406643048 526047364
122446036 856334155
281444659 581616177
789739507 943100159
591037775 831227614
426437998 831238675
814357502 836437023
25541554 530243271
873569586 976189668
803446632 881952474
193491183 527659516
642704769 656162398
12656987 625863851
225726813 645084548
280669287 600236122
622821105 699416805
890538195 979432151
209383784 815620756
585358614 586026995
376275138 928340690
889551473 902151860
821768232 991532663
43864024 401136672
227767734 615262069
642976778 644759512
905071483 983754586
668757401 779055113
992683797 996755212
506978503 906592237
167742509 458029283
931288082 936463360
537127458 897349626
992627264 994969955
882997010 936129102
475646187 617612714
95253543 430464885
32424270 876007385
938698189 941369027
509259560 533917931
712636982 905061337
946662780 949342576
327125102 793735641
961818218 967758652
29562735 530229181
300567912 736187260
871627536 899873043
916138337 967411540
106168365 431524240
588941054 924049685
650845736 652806757
565868400 686412047
103557239 145392705
483429858 891265491
166520401 285787683
45760289 461236747
538548126 686141281
640114004 802874006
256742629 832381741
457357927 922370860
980051742 997736307
864792586 936598417
309643875 692371405
341545485 655664031
397117213 728397272
650308728 660627651
723769120 890032398
689664302 995768622
656992263 756208267
49648507 635168106
934364572 961035673
460258651 794516767
848478868 854641590
577915786 624791257
61158590 134496490
292787850 477044667
77442588 397701432
587992952 792201628
377762017 687235241
402975137 541916481
847362173 948745669
970684208 999454940
177915783 702129998
299549211 341954576
507588492 702666194
121205770 442580031
415042107 512257895
324364569 423428104
989964558 992241691
213174389 707379858
774394844 832515413
231813568 769250023
109099673 734007462
266374934 660416103
371382784 956147811
91770364 330911128
876146539 936437802
309188228 602842538
196775845 665298755
930007795 950645168
321396019 410019850
20259750 934650752
81759441 702037376
675830664 867065489
696069516 863369149
467229969 566265529
199571262 688023430
591013504 630264784
946697375 983346431
950707736 953248044
199999114 362478688
181035445 433766611
282548516 522148609
324895439 906220904
137282155 446252051
804213544 819339580
633985718 660529666
726155009 768936755
112023905 535284237
296426455 437311570
311505019 479740580
128431545 325973902
523871633 666433716
308497265 669889220
554868543 583938379
850393264 958741596
185242695 916575692
862054361 943821296
762456590 796214240
972593638 989183706
466762801 531160173
931040125 939735857
749568699 909548383
293230928 364488959
418518958 466922512
900309536 928363899
867274464 877154711
263610026 981963826
627296388 996568724
469812272 941061161
477568974 682271422
851733463 934743185
733458327 960544157
415675504 855234991
776595357 936889172
306286428 319237280
655843532 987251631
58477179 294881506
319059585 927723946
217742881 976925406
415553731 946294898
792667979 966307091
279753912 468945124
192108617 244225170
904128926 927235779
982578959 993374204
479121419 884585099
262527486 640101127
270975817 628471617
861616539 990495564
602886362 824319183
619909755 651225934
570675115 604036358
477562225 732583099
450711550 744856859
910961261 960530013
428221027 531263575
105896675 287275443
446084495 818039247
873849428 912100220
534207180 635795448
481358853 497696382
15881807 516102996
701180692 846566774
822324596 946128170
762309967 825875510
228508466 915646601
91836542 522399942
836342473 852062448
137807041 814329351
737276458 744361312
940681719 983440635
917213964 918236360
196135676 708671476
994318717 999272958
880628283 966332321
346981102 793903770
270647773 641553522
866112964 911236362
475679003 674479896
547290676 726260254
32130227 601088437
908852868 921950697
896436245 988818051
749382800 907507211
609308701 770127835
837638716 999891375
87418429 713712644
651563921 749291685
399162249 889720193
396311509 869324715
71625801 343452756
367779095 719534674
263801431 786542865
2484949 775754598
881140247 916027885
736334865 882940218
563580897 939189932
494440594 839060079
9808339 808308591
822714585 861741466
224501939 770005639
867365573 904112281
499449173 623332449
745102788 817831960
41348796 434902571
441177490 730130872
785010431 836835187
375770446 533968968
962606023 972477457
144554539 707341632
231631951 409424829
65168287 444169419
761155318 927215713
568450427 654933305
509297590 762953439
36953015 785577356
423853795 941751608
152708669 857404658
968063033 996115499
77884590 912209001
750168274 785396497
526660847 990275093
918216904 995337871
31844704 779251815
431739465 610907509
596293181 596770398
476472726 737317775
872707093 950121076
741373875 974727928
142716439 391694670
95369849 832194142
457755941 551817999
806333097 997688515
365147735 839283676
250921001 633652529
851651208 910223502
109087727 436905572
478969729 976107200
40794304 854112547
181074024 833553332
827544657 992859417
186931073 715696769
600022019 631306526
660328127 726973930
168186992 403291240
982282822 985508351
62815888 113091169
987020625 991769398
122191168 328888452
967301778 980008838
395019877 620257644
848085093 892426849
423309440 849787369
787220782 878180201
915247605 963085277
564185703 795812029
431794077 449207833
423733575 640859023
60764942 957842763
15908250 965945593
798402360 804440052
446031797 982680299
162234625 244862656
935805721 975966501
684802176 841569950
383309715 902023730
370168550 844519896
398809495 532751339
951930471 986098610
406523081 892744463
20740863 545058524
155621365 846856049
371738264 976572047
178619317 550466241
883669610 998547824
727085580 822766862
474423681 734906118
326607452 360693867
226145755 393189156
585589849 683970587
674972209 802989629
403562736 910624494
793237788 878967540
757011836 944330167
478845948 762630481
671894353 891152171
478493364 584377074
83418163 125092020
807065413 855221846
936959256 943353240
282820170 886407546
725186694 888173695
189671559 871444746
160543920 506371592
256060990 479822057
646529054 954707581
363319579 768142098
171589234 577806207
139597480 513058379
28166021 467221417
441393529 599352966
425058371 506483293
809410088 920863723
608053162 896879874
696646173 949772557
712814703 944038143
921725602 935066181
751749250 888564198
403662968 658429785
862563764 987678651
133141162 600814438
935732646 996062817
546686919 575723116
586071321 640100096
990715385 991052850
733021949 919455995
83932773 544146100
271555780 882099560
442046822 499182801
307917653 494961160
628347928 731304964
896507172 970643394
779201254 790870744
755932975 843090783
58177583 515992023
557281219 592257901
708582131 849212101
570594700 835605557
527540673 944399787
642621119 975679077
823851820 872300835
266678899 395671574
804002107 934588002
475536717 583729566
37379610 667109954
141380750 309507101
670539013 692061434
243608438 629231387
984827985 994487105
824375954 841222008
590255257 594775629
469047888 931110983
274063890 421705866
251605575 746693872
962729318 979100350
34220634 482303358
158360285 566079624
556380662 875947062
732980100 946904068
440577411 489235485
258082260 489585938
294578307 820734707
697286456 839305184
765472499 819681944
492524093 870216971
882124393 932460868
214017840 424934672
984679209 992880123
581088808 893146610
464989399 527584264
201543961 252919671
290854649 451313372
376343926 676452843
844763894 950893238
518940100 523849047
908647613 957862114
898882130 928627301
359720154 943394431
465177117 483998280
493947862 632343117
431408581 585076255
93837616 190483969
170879259 337937681
529740588 858298517
415062192 500187235
749145084 943585708
239193014 739858436
588233416 941807258
53682790 457697250
726634950 961144938
607126030 794645036
553943575 989731511
822963710 935447499
840729539 881831256
232669824 278706383
198265591 440762816
708311552 949429002
355196317 880239480
488315395 851747367
47649791 501777015
831389091 993197510
986854967 995914826
635770327 955708491
228112773 767152401
447150004 806153074
498965303 621103133
525826279 580671374
848580271 987904608
248475627 623408311
109479930 304178298
969313522 979890392
914415643 953987999
212816425 976794071
516579168 834742576
386177266 846175487
687052743 814233016
491182795 850682260
843278507 907562387
96780227 749689469
100484509 675806117
516476198 681782262
548582570 588479226
901003826 913249868
787946881 911406928
643516710 669684308
815275929 899878488
74924015 472674132
625603938 919376368
455461988 632096088
697839233 832260951
347562411 597675716
572927752 915197276
909650957 965062275
355767908 801504629
9613786 461896076
314812249 605526115
557775127 610018631
434802622 886404609
449851806 649297504
180879037 774324435
127228223 876242185
754168936 948999314
420815186 554148674
820058088 966670088
702485199 799706190
452003981 674374862
52542420 406935789
439620999 460051482
31423785 684828146
439577242 534286679
621954414 977106372
271519666 766321044
82231235 267268017
178819360 996249202
525536426 615224827
434092511 512718727
252503384 563846795
521491744 754950511
247234102 401313555
594911934 871011037
865264759 958038984
825689993 869829463
431887146 474254778
80154001 208714426
693825908 998375065
717182582 963411701
449619154 661740383
459077857 970044153
607403202 993893304
36030818 750568541
939745277 988640596
199952095 971546959
851976602 965132587
59737795 538461103
866001823 961803785
619450998 904896846
789131793 870478455
590241852 829125018
641581130 907312512
39751399 793484289
33775389 310125840
872018597 936229319
312519400 562706779
866739709 973346343
755381807 766774945
606607936 651688316
165392149 222122145
459061795 694660075
73320981 285608765
242948390 316231004
453377547 977829702
689007026 700175638
533329564 555139862
26946576 773504771
986132735 992399109
643916850 714328572
623213370 871829744
896894659 917428755
894253430 929337904
200528296 927518699
453440260 494178689
879684228 973112915
789021964 894055067
906654750 958043718
138988692 610862858
493450466 874066826
113524328 897529002
688022970 711746027
956078569 987601873
131273940 803681628
3586777 378229337
748302991 825134549
264524347 289443193
7326143 428221999
343562454 563318111
917327818 953666725
716265519 919201468
396087062 485349927
161927620 574212213
137935876 989255608
266969359 759046690
121160601 245393062
526226438 834128824
44631387 599959912
240003320 289901538
861089302 959723983
538903035 705046277
73755873 112990816
106161366 587724921
540953424 686300660
767263322 992302770
265511469 837468672
497765434 643005430
746615542 842435892
301860489 359687014
137817379 405917880
44076120 386354306
122909921 812196706
320294440 443813215
244701677 826398047
618057325 663993703
249082195 354742135
672631134 833417178
620056508 639805097
201081442 819221764
795503806 893267174
253459076 989817069
856892381 995152672
836396113 985659055
682290778 940878611
276194864 589680388
666693596 849463155
329751147 778481484
496723947 640346614
953096354 990856744
522190459 698873623
571965532 627858552
788779477 801561606
936477331 978786565
616326509 719683479
587006243 952755220
495587948 910284137
804579565 828142153
531585127 796575649
884038829 996331781
483192225 928382186
816709019 979589036
625210680 727804446
246156129 869337335
849718249 901853269
410563684 918635407
243999506 332177087
287259975 777683746
746037157 919152341
597449614 709684902
545122307 846801511
978050982 989633022
660529285 670714366
197614678 802237110
