740 300
287 38 69803
194 38 74653
121 287 60669
149 38 94947
4 149 24993
525 38 60033
223 287 22382
521 525 28097
538 194 32712
361 149 86744
312 121 17687
645 287 74974
369 223 77052
54 645 83845
731 645 8018
409 312 52908
214 409 65097
550 149 84231
567 731 89298
413 214 11518
464 223 79761
294 409 91966
428 121 48529
179 428 22593
621 294 76734
405 194 78555
133 550 93292
356 214 99
675 149 20613
640 223 92975
475 361 44038
384 149 95163
185 413 50853
724 538 93615
368 731 68573
117 405 54875
14 645 92046
461 428 17714
88 550 38004
455 645 7524
336 475 16392
530 149 62227
49 368 64938
355 4 53341
487 428 58528
237 356 47229
301 525 48346
514 294 10233
119 455 53710
684 550 87461
174 428 54200
295 4 72785
612 301 78671
350 405 87445
104 514 30448
242 54 39019
523 521 63911
541 684 61636
503 413 52255
649 336 47943
253 550 15753
112 621 98322
272 649 45875
496 541 38999
548 117 76110
667 117 81562
228 548 34014
558 242 58980
52 621 25783
460 336 31465
379 112 15725
305 228 41181
16 667 68348
502 525 35234
500 52 99027
13 503 76498
363 133 51523
165 121 66653
65 179 35091
263 521 11624
573 4 59653
316 667 77390
205 174 17825
235 649 46136
258 525 64806
491 174 32653
197 514 39920
246 263 37390
329 356 22917
86 368 13009
260 4 65408
686 38 31233
607 197 34059
136 525 17325
736 263 7570
476 52 45762
161 502 91367
437 621 52793
98 316 34650
334 541 99004
603 336 56720
677 355 76891
631 179 99288
41 179 52891
288 214 8148
725 165 37434
261 502 61317
271 121 15901
187 258 1076
599 500 37931
351 369 73587
102 205 54459
732 271 24761
195 538 17782
193 558 87736
423 384 89993
232 491 24464
273 187 63913
306 179 26722
182 104 40504
585 197 7879
557 379 79427
613 38 8754
25 736 13456
453 502 27818
471 261 83780
154 677 74134
250 369 1893
386 525 73693
168 52 39510
647 514 44513
692 133 55881
546 567 91270
26 686 16793
338 607 59518
201 250 66983
501 686 45856
651 525 96113
89 612 95303
27 86 8092
114 104 10419
337 260 924
662 253 9730
124 503 70828
735 651 13542
504 260 79337
8 530 49722
370 523 41629
359 732 40051
111 370 34594
72 585 64735
142 305 35165
516 460 69792
456 154 83856
442 631 78409
139 735 5781
61 102 6987
172 232 79621
229 86 30763
135 271 14170
654 119 62440
281 195 82082
568 491 28373
103 464 54148
425 675 54232
595 487 83594
167 476 35888
63 13 14601
248 337 34441
583 305 14469
632 179 91393
241 133 21511
132 379 17608
527 242 51754
529 119 18951
510 453 44304
688 301 1627
465 538 26161
366 649 11251
30 732 28003
211 117 15796
672 667 76611
323 329 77879
346 241 7788
262 409 22895
125 612 89821
536 103 88574
520 672 39438
244 195 68308
540 281 75302
637 241 9969
130 455 15462
588 675 72679
362 527 78886
682 72 45735
357 649 25436
18 529 79534
396 197 247
434 272 57358
445 491 77715
547 595 41411
283 384 59031
472 125 1198
87 41 67147
269 662 3606
582 361 59864
236 558 79432
47 547 23233
616 25 4940
449 246 32911
729 306 32681
489 510 742
565 453 14996
191 548 91210
256 187 44409
100 112 43888
466 102 77868
120 647 16809
611 14 984
313 248 43
20 359 61114
629 305 78520
68 165 9831
719 103 34375
259 338 74659
615 428 28444
225 228 82450
141 409 53151
577 654 24292
207 413 49257
634 501 24348
638 548 61890
17 63 57525
591 557 422
175 529 37679
6 460 36488
444 241 84393
267 379 97460
75 47 15944
10 182 20721
382 634 5741
325 361 32816
285 732 66658
80 283 11407
349 667 19731
639 89 50041
245 25 13616
29 675 40068
331 464 69341
674 80 40439
308 258 86335
507 305 42154
166 65 77331
412 503 70211
81 72 14885
105 629 45193
50 235 57531
345 588 26059
619 529 29714
347 250 49313
200 154 9066
569 207 94571
83 175 27192
683 557 47118
35 384 44008
657 223 13902
571 194 20502
148 588 82347
127 471 78872
539 379 91750
566 460 77696
572 197 34050
652 193 24499
128 412 2207
173 539 75670
45 632 80572
231 345 34030
36 489 32511
243 603 64108
524 359 54775
614 588 55640
432 595 78466
152 136 55131
93 466 47681
299 232 19406
234 539 29241
414 409 16229
266 87 85665
570 14 48375
9 521 92310
310 68 89031
227 41 71696
7 299 4805
177 225 1210
69 225 56412
508 538 4315
330 572 3778
728 569 57774
490 686 14856
62 547 77582
364 102 17349
375 379 14144
2 214 50158
157 692 90254
55 214 95887
373 521 91704
51 227 57732
307 464 79221
416 667 94804
107 583 64852
400 460 20289
695 460 36734
215 235 23282
56 242 9265
268 161 43224
300 490 93898
433 139 36740
296 236 28434
424 250 94205
608 369 18291
513 409 79431
484 736 94805
562 136 98175
397 503 59699
598 456 43593
171 695 95492
398 652 2801
561 334 82957
19 513 5429
705 445 29099
711 530 25144
31 241 66595
485 677 35290
723 375 60778
137 54 6996
549 287 39749
302 541 56229
202 599 54208
108 285 74804
716 503 52791
690 524 55493
435 571 6483
11 621 26890
418 546 17957
545 166 76556
559 570 54558
663 735 79752
163 323 4351
691 89 36158
430 31 81015
247 559 68960
131 442 39236
473 386 76337
494 613 7562
480 368 22989
57 569 84138
279 667 13401
78 548 6860
183 259 84186
408 207 16854
343 35 50280
209 464 76668
407 629 78214
82 683 93368
623 173 38530
703 152 3460
156 346 91881
626 514 6050
668 17 63483
129 171 48264
151 38 96824
421 185 41990
24 521 21466
322 36 96343
190 453 53390
622 418 44744
506 334 16679
85 285 71032
328 139 13334
560 256 35041
448 396 69153
498 128 18427
482 305 22073
73 258 68958
160 202 79566
575 423 45528
5 583 53010
1 562 56926
76 637 83777
635 368 80467
321 724 30640
733 207 35345
574 161 56098
394 163 49253
718 215 58295
726 384 50687
115 588 23676
712 228 6829
327 677 72743
702 336 68753
655 724 69395
388 530 44389
458 723 82347
505 397 59918
110 19 55186
254 412 88697
198 595 47327
332 260 26224
467 305 31516
512 510 67370
153 125 42993
393 444 55759
284 273 59139
385 570 54108
304 729 28162
390 359 93650
542 527 50771
670 111 35910
477 207 73009
348 103 6834
264 566 43803
220 558 34229
358 725 22425
291 214 614
441 346 44016
543 683 82264
436 634 85328
481 357 98895
474 667 56701
653 585 81281
594 540 70647
122 588 79383
431 27 19793
144 336 64524
342 19 14379
383 63 57553
587 135 21066
199 539 56780
605 197 70870
401 467 40533
58 476 87655
280 313 17331
196 132 98619
671 187 65287
319 17 87749
678 396 2518
697 577 86356
188 476 23177
146 434 76641
159 332 424
290 433 98857
708 348 49919
33 262 6059
15 428 35645
715 503 70172
499 716 42713
443 667 74511
470 547 57336
387 416 48041
44 328 7606
147 177 96368
552 572 26280
282 562 68282
251 735 23002
509 260 48770
217 312 88635
579 396 53421
395 153 74126
42 260 87925
694 243 18590
92 735 50348
564 27 83837
97 187 60249
367 350 49274
213 54 86689
714 683 81248
526 577 58856
303 137 73160
53 577 92236
658 728 36167
37 125 27497
324 223 60177
701 301 39095
138 653 59954
486 225 12462
627 729 92009
556 243 29478
252 368 9617
3 501 58973
286 163 83956
164 564 74698
150 638 39364
721 63 17416
180 540 14060
96 541 6985
354 652 28614
698 41 49742
315 281 17428
468 33 45663
581 306 8923
318 81 46609
519 715 26157
134 318 37777
532 110 44476
66 180 4999
106 63 71304
551 81 67727
22 8 95289
700 562 14530
71 160 18813
170 672 32791
533 718 9060
534 702 84263
665 121 39588
426 619 93175
495 605 73635
417 310 11707
340 634 82545
314 690 24306
239 684 20187
454 307 88811
249 397 33238
70 583 29040
704 63 8904
374 386 7168
224 252 36852
438 686 88341
145 291 32498
656 467 39309
439 329 55531
617 86 6421
118 153 70184
79 81 16832
586 338 44830
410 510 77172
636 456 132
48 281 51633
276 656 73798
143 250 69100
440 112 20150
696 361 62966
186 458 65121
720 166 62184
91 110 89075
206 613 21483
589 195 40913
84 702 55612
101 701 3087
403 84 29886
590 119 93231
123 545 8402
522 718 29264
451 268 54255
620 38 72854
158 383 21395
352 718 34242
459 475 98725
689 545 84163
46 634 93082
12 489 65208
275 269 15178
326 623 29303
446 275 33054
28 190 13655
618 394 4615
189 559 16337
469 655 47208
40 195 77771
270 565 8287
738 529 10131
238 42 96314
392 581 14579
320 547 60539
298 53 59131
727 621 32333
411 588 12651
257 637 37457
341 238 5341
335 87 75018
517 403 19404
420 481 66145
553 385 29163
126 314 31889
462 182 40140
67 513 88761
309 338 69451
680 98 83907
233 524 75803
528 645 7779
32 355 62718
391 33 4675
399 617 52084
192 562 82085
679 325 6455
602 400 36581
372 489 45556
676 254 1349
593 566 10619
64 588 9557
380 451 83168
457 410 83648
633 101 29257
673 52 81445
734 456 40369
604 585 73564
23 31 5832
493 164 36733
404 83 42218
339 315 25415
429 356 64488
406 179 87380
600 513 49692
95 129 16628
74 92 82328
693 220 42626
218 714 39755
389 599 87651
659 33 94931
381 331 46752
660 471 82797
265 115 35702
178 487 78715
402 487 51101
706 288 15343
203 663 81872
515 525 24047
60 36 47885
344 367 34968
664 267 57466
278 250 18054
606 241 39237
274 173 7474
210 303 53637
34 541 2585
90 512 80666
292 435 41255
537 151 54784
463 347 3784
221 486 49627
289 527 17492
377 336 47104
162 339 92125
713 504 77648
216 434 49856
709 7 22818
94 122 10335
641 108 42464
643 706 88654
648 279 30762
240 33 18569
478 485 11794
492 188 49503
219 639 62029
371 533 84289
625 621 66214
450 543 98803
596 270 9719
297 127 12650
739 577 92530
740 456 69839
99 458 59134
360 210 7707
497 670 28082
419 481 58069
415 42 2054
544 149 77111
535 635 54097
563 308 33753
710 694 33267
624 133 60684
422 680 97929
59 411 32355
610 99 96651
646 370 31064
681 170 48044
230 82 33246
376 551 68514
730 201 64861
113 604 57991
584 144 61794
597 73 10212
601 671 91283
447 40 27433
39 70 81941
109 721 17505
255 408 58083
226 58 32256
427 392 61609
184 422 26911
488 374 55256
21 38 23908
317 279 67768
644 480 75462
669 391 42449
479 5 84949
77 258 96502
511 114 45713
452 161 1236
311 264 77645
204 317 15323
353 135 10457
181 260 18677
707 87 80689
554 671 14757
555 109 61954
208 290 59132
609 480 71001
650 128 1860
365 258 17790
580 416 10198
666 257 90693
687 626 12851
630 649 40417
592 716 80609
176 224 13713
140 290 84261
155 100 76492
277 487 66092
576 493 78778
722 425 39239
43 165 50018
212 467 74198
699 279 27379
116 198 85041
222 295 8734
333 529 37205
531 515 33689
578 228 67418
378 584 59530
642 142 69366
737 417 74773
483 5 37984
661 34 88861
628 524 3560
169 423 56998
293 466 48259
685 549 10623
717 368 38271
518 436 68307
977742570 978364864
78861220 898708522
507286592 877698602
737948869 982991433
898645504 920499020
319236583 791630817
594556006 676822051
292779649 836271733
765380982 772294906
447089178 704871515
328438788 544175705
976314541 994669780
138279755 287101327
24734179 542764597
901443242 977215851
165482610 232872010
708129224 974887256
704215411 717304968
724629739 752071731
743950623 871471401
989739036 994394791
334983067 540244022
469339747 972752419
656777974 864857491
534710876 551254474
467325758 865449135
960548412 967966147
862460945 966265261
546796332 812194699
339539445 344872419
789549075 968305408
910131266 956782951
330676741 895603281
992916290 996073289
454694126 975700586
344821937 954871815
659169461 849961794
151480060 746311772
978437144 986226879
849687666 976789262
129906304 381585579
984513786 999112690
941218875 960627867
675042186 906137890
215896599 880341093
90516276 830924352
225077602 981413925
317523235 529275883
33115580 120480146
517736133 930554217
707219931 978913276
130563589 876144679
400625083 930629388
294894692 916707096
554877389 772032887
311033863 825027327
467132994 669507287
317530402 520801043
16830073 923131867
453137161 979992048
922271307 997660371
647190635 909689060
373152692 954556938
406048350 444563428
902697514 996456415
214130919 476838162
491160306 516540705
69735828 704521673
276988352 320987125
146465624 310594091
367996534 880266919
643056110 777945076
841756974 914766211
15202430 523716302
471084333 795486990
453146627 552669873
842830992 855992944
253302564 593257931
309532522 341999986
817804440 884452850
573284076 639791436
734938067 975068467
49407498 780614222
906084737 936588866
819451886 888920784
587407187 895372968
39812481 792354533
529800776 786479275
291055581 678461260
603217881 698245288
621327842 710427118
424969436 701894965
808695979 815904797
374600373 710794766
246553019 757782524
673311661 823529355
101188625 385086232
335118130 847398431
430188093 465307527
81216656 934384446
98525898 500303652
585010423 725940330
764807625 974786118
966651422 989619234
954535888 974065671
420511795 812246200
663189679 716668486
120602693 216105441
510163706 650304148
901619547 968299590
257453166 359109059
322525639 556706287
515624297 982976264
266594726 640672184
814677934 962745680
63885805 851532981
765241849 862383912
449352522 546728642
706048176 768111982
22090729 329991071
820618991 851307536
63807002 333120444
447274785 885672650
925191170 970978234
326465759 508565653
264179883 988924948
973731094 975221191
963504457 971129817
89184163 281513754
142106625 179427519
642774512 825136625
38074908 996270019
390711379 796321859
699385641 773433556
159939065 810396964
8344981 409715649
723247177 823319296
811086523 965865871
936749202 977148062
784240319 890974733
961183834 981614146
827982554 994104342
811881845 899732077
903943129 918869926
383360865 749084288
586660928 949337783
74326267 329628812
125204860 405255857
53035998 903265651
659275700 900558100
621104449 774795551
26721419 793029712
146252338 325986030
633789660 659926937
577020196 723003842
32614741 586713178
867463557 870382181
863829924 904156129
263297632 327968487
432394150 845757833
247302683 615781351
1392446 266985248
678838578 767652239
703492382 982795251
590746993 790269897
272411203 358841429
550765351 944939863
406642841 633094641
961371273 968281300
243942762 631963522
177303852 655154384
963558502 986682585
224384454 429318816
2431168 574245557
535567834 919374543
965468049 974258914
191697829 329093088
895641971 975518249
301603709 917360592
743164084 952178913
583009492 707999498
18877643 386232601
379515623 491956935
251346605 691821005
893665891 982532133
21378596 554625056
604122601 957752142
182938490 595243435
573821127 723490153
841442668 861661115
263354508 274338537
771403586 855654735
726501454 961881580
779055100 857265261
439978926 942474874
33296058 774249360
4307 471722854
966190812 967633223
570144927 908742096
340834683 747192386
768308420 879283824
47156299 737970165
803581476 880222904
370442757 614257097
275071842 803086343
388898307 483930658
384795889 772351264
4597414 603473099
463974766 817813880
520476928 977704505
708143850 992460531
970289870 989826284
22712562 404965281
650468268 819157461
33322131 737814341
902773252 931715982
136304023 189294807
528848102 878239641
115228206 805635943
547399823 809283917
65305785 108198857
511117339 914187921
86430549 657374471
48757252 535026822
742932061 982830609
632552507 938841524
335326837 959278535
587153596 674867374
727345965 867916036
780948664 864326639
553612245 705600803
776849883 845094289
451624744 625086941
504317789 830797970
606555689 842786655
769581205 784267743
227984991 495754979
169671747 471488441
857284841 873537981
320985326 719948716
465241736 849127908
237388012 354221320
72731253 334412957
854032504 926251090
356049213 481650186
799161834 981142005
777101485 844402540
527994087 889838095
511682149 789745219
816209243 928085000
445819388 878249433
745772810 794158740
579789705 808098008
900204570 925458946
979224478 981499623
808009393 973821914
219326484 502666431
946868160 988094509
742471144 936565786
897134215 959478743
499561406 827667406
749727120 880059036
966784037 980181658
639971202 649077504
719182891 889297803
220758646 690699131
254013523 872688056
154293166 364963926
655696850 819123727
23427461 807202604
919374410 988300865
657399703 844875586
415804506 792006060
397238962 567709699
464727038 708317014
627328995 821061100
454106938 541826155
731406255 751208546
212178684 371788084
392798314 904796067
390133700 684386871
127487854 564088004
146572699 265165554
623596645 766001922
579140584 703633701
225481022 938382414
143412574 978047024
988700509 997904648
132406518 133686734
315768242 950821672
596134217 866065640
753373335 872715955
307839611 966286531
39938822 711432927
670854242 849631430
582779580 929039409
61942345 988723715
595450664 977913768
351333853 677023569
870169689 907874466
