3 530
2 3 251730496
1 2 278338193
129026597 258501918
573542174 828921722
560711381 782658243
255566814 691870572
507258467 831039264
974543711 998826347
760513225 990077259
567243484 902683660
686450413 984462228
784733011 931518485
782197781 948508079
520740206 850597366
302232551 570514950
221378286 590747748
986354144 994151958
62541918 325164193
361929536 417049016
740935691 927912766
644319209 818936788
465164931 593262315
111919187 583650633
149817105 177528767
747885741 868171315
519365285 860476667
364589824 829159564
402431489 531899939
460298068 687419420
733426464 863237882
645262771 987658515
75680524 473895846
169090562 560511328
75758588 112899455
96606678 929835616
3661208 917371377
223217761 580711801
91648732 628713856
923831408 984735080
394261247 956314252
804157302 868043493
379774360 555610218
954377056 981652729
4415548 603750402
613741208 964978208
558531281 770496778
87821278 890020737
302485057 924666164
404102822 770284175
510192094 905413754
877177094 987086638
638809841 947711948
605544440 840345509
389099954 952894229
300309133 446560143
513377690 643000363
274591791 826662313
364547631 984305079
472850491 548833876
905702155 961531880
999128168 999877650
890928014 940420649
564465772 728247440
764028779 973785000
359927499 688633456
697747187 986273779
947494039 966314876
348153291 471981259
620651428 804981295
789474550 929617533
414517035 492141980
548787332 607056396
326089908 517283290
974580804 979973186
724350373 775983328
238299989 440107694
647989840 742098372
708927124 840639170
561625682 922879293
815380710 915541201
26563285 940156312
205210561 208262284
534444262 615818627
82157142 510319792
330905419 929912403
1903087 694824411
622141309 667718562
981163602 992279645
913990323 967464675
450735909 651818063
392451169 537886458
786908375 896034168
609341129 995796346
18826963 29297137
42699087 654357016
857905979 919254014
438890075 820025049
140799972 622957200
778436215 827643605
401419754 632493283
144768423 274091070
53966083 145125917
687585730 811768547
671976375 878695973
796444345 850200020
695556464 976473144
482695223 852573137
123726776 860650233
398542350 822953030
653338664 653941569
563759110 951741044
313681295 970531138
253143010 269805754
327318101 755593622
70394988 796862690
736973923 789652390
377824709 977839701
326176228 774163801
576500762 673161178
662669935 666207850
231783951 830543396
728628108 927649914
508835276 745596070
776621161 907904932
104968059 646010056
15962504 235530929
124510987 361146435
657180476 855475012
301651654 552000479
24024782 498757917
955051365 956728594
983512321 987392401
619944946 921972167
495912841 980285914
150826525 351382119
999048664 999784487
743886216 751656534
406124120 433565454
274543955 612136302
402543206 493296567
994694799 995576825
232495129 771425073
241453120 978610616
449635555 927583959
405021515 611482931
476527506 946405498
647686277 948815710
959501117 980741419
510968031 542354805
5953248 167578306
919474746 926396385
624801751 830480904
430780687 845943573
688945335 893379834
611440554 952259969
219958935 785779995
90963475 981855326
206411847 327036165
244235278 391679852
633536087 992131605
303464656 557372158
565031301 668587147
484703966 974367407
579297079 995953799
199704843 747544793
918453657 950528687
790134941 937964656
82857164 99562302
956058504 962466076
371012925 634949004
893594254 975802390
326756717 718639263
62139471 948616488
406663903 959078232
259044679 445167321
60193900 618193063
428341659 730265007
377335846 947706036
787954678 993517003
67865664 607292792
407006614 750893312
367685193 670636469
694519321 847353684
953397667 978300888
153534116 804764136
876445786 953467611
886592827 889987324
823440452 849678077
577338133 648893353
858917038 915732997
439018709 698904985
714578179 989423100
213464385 869471128
205991537 498274721
367680135 739510131
634018250 913787260
947780214 982705883
356422684 944364022
186410877 552683040
281977790 509829109
117217952 318225971
839461977 952406001
589576417 698570952
586709560 657400660
173626367 935118695
355515492 404478727
223459075 582230743
926198217 968346681
932284658 943739547
675075507 945597586
241436950 649752280
856944282 887220227
57767920 726506523
625041593 637862476
471544070 717193865
805743208 818237951
25520837 779463973
415307774 744316309
512276211 842204855
163594474 235266488
445302413 583851972
977617969 987014010
503192161 951210128
270342611 720655723
571590418 754733370
65329071 425930992
315968443 481762209
841423551 848899992
689250177 768170357
25753540 333401691
611899691 919552229
233367135 920953624
404725607 885569895
26973581 164313856
505883882 712872140
964825124 982074333
783352760 824578051
82311655 838530686
729069936 969982886
634298944 636042150
912279574 924200200
506725608 658908563
261699865 998190331
434358503 903707788
182806652 748207152
129844506 159691201
967823809 981021901
869992963 888124284
664968967 830209199
579493793 967465270
834462499 865259059
341611537 637316607
687038707 796634322
791181775 797793243
618098119 681554458
181174558 557260800
856046815 976186760
276104439 697549771
662789901 884685870
423399581 889756942
616760942 795816247
478089164 874899154
801591278 959672232
381201466 709771750
201614491 637177561
641847520 711011054
595163108 880802309
537401005 723045598
62901972 118754243
834902126 887675282
578433584 942800550
462408477 758984081
874983859 926359399
211403323 995206282
291715636 741539808
686901682 802473849
418821628 759225878
325418175 628767323
273391783 549920202
521549464 846648490
832726372 971080317
412898262 897965549
55451781 441417020
54483632 293910830
365518925 670791950
544769543 636864195
78526269 177138393
886032769 951292688
998283063 999775474
561732034 783832039
802881700 840902078
557770262 815205884
692686960 901660665
792804769 964039862
608573038 830147529
421696280 972409892
176445457 436232012
124264543 446028620
228108658 823223059
172778597 337321045
304066200 398170464
312706108 368367007
507422856 961749533
118539811 377515405
959297447 967513124
419676148 498552086
675905660 886209344
629491620 876993720
991770021 994151645
732262000 973620653
603412354 884619905
764072718 824654296
712667669 894188610
824073576 877051242
614638078 676297056
866821889 913473296
966429171 984631211
747836297 911718782
383991393 981037632
300624343 781706731
684172900 782927658
677991874 787743537
25673773 621991968
802202598 974678169
238235915 687649780
58508366 875455151
164496399 654489676
705213110 903016282
561625694 970298576
909392477 949510623
114088022 863068868
890686705 982527049
698917776 897863395
230778848 284336776
791246382 895602192
796000559 917795918
115965819 426948777
286095083 721379465
685975964 984640626
408638935 779448316
821675509 825063421
575571192 797523930
920193604 943405199
119213279 695751552
787854599 944027409
498903374 563674084
557691795 574170657
304991595 497594502
188758457 351798691
931106176 956969200
291679725 462753888
616874465 690954090
363584501 499350365
480407430 732507343
728128312 954156275
401738523 874359531
611811369 893837427
536014181 959451406
657868894 745260769
776024089 862467001
712867084 772452363
818302284 879116027
157093165 351541631
100965173 143522191
363890494 708796312
830812825 869364895
330570162 884065837
694103577 914851382
2703761 983651653
818721998 954846355
569498401 620630140
138793622 852826374
415289102 668115014
116863636 395622877
582512117 841048283
301897921 518214068
734680229 877180887
995697085 998175846
45008831 613090109
358511426 366161132
503213939 690441718
778120965 956805679
195158584 493139676
225906077 663459736
160323287 458077976
201945482 373089541
294821802 437810901
804081860 812561037
674259040 762805883
452434655 710749116
683508895 773427950
503090538 689559907
508886914 782496915
917069342 922680793
487803860 536171230
996611515 997241217
666264597 759990777
91723639 648558930
72996103 647627436
819278571 893854027
483619208 799008764
756470208 865508329
759761389 799905799
134810119 489173918
228380753 537329035
649976527 898985792
586835969 747151560
352819144 945937328
47431732 143808342
347922472 844945719
427674944 523068740
812203853 919690437
791867403 900569406
237735131 820021854
244463045 726744175
674184050 853318088
699839524 856769805
602479516 936919105
120228354 408657289
306789674 421996534
34041069 47579670
817755492 842381805
865976462 952556860
988358515 996773998
94398618 770412356
973038755 974892367
986151572 996855768
554300926 925523811
257783691 483387872
629834968 733132393
446594907 868861903
748779318 920510467
532242311 847363681
38633619 417794265
692162597 863894313
763845706 835785805
694781765 877867236
982122530 995945205
357676381 857822659
244852261 616371509
547909729 798319874
866348104 970020359
737440203 799946180
456076754 591858217
179927784 596528286
181547736 606007742
468959461 481561293
963524382 984887121
456437174 712749425
618882996 801802684
982284442 982936059
357682822 544687721
115787862 128588517
221747756 392580965
329141662 658982522
927143958 962300991
589564028 649406877
306050795 726094652
73794864 194213278
323398300 575917864
705964877 933935349
611871434 969158576
354987432 780793877
720675870 799521004
734676328 990879551
231462929 428306820
423360035 667016006
434649674 614662675
946022302 981005030
698445897 826684333
751556869 993365601
186994794 270243305
332043038 996569751
545199413 926017947
117444297 882310795
265436642 577067426
179854208 763589427
838195484 972110322
995044740 999163270
727316259 958034920
851772158 900861117
176333034 335257982
472433822 764370992
110606413 383579519
992429546 998375728
736785599 748776608
108453004 565231948
792389765 959590271
325798189 383464640
988228567 996334481
68342803 316445088
334308962 425501058
915414562 941861841
110927499 131689635
294015271 745002942
187608063 473574613
958343142 999779618
515249748 567776846
919174524 991693367
350516013 706968051
718386725 752088108
108050862 570166783
119234272 396078193
693486123 776845367
263300356 365669637
482236291 690710374
615275457 682658671
987494008 996049009
305494325 675851831
416284170 697503891
214314328 965079786
368960921 501605388
135089424 885855816
588500069 668026143
600470375 870426219
669341814 683326632
247338987 276882045
464238349 686524828
44484139 87709433
158365058 424191626
808774850 904268166
616181025 886753820
301481430 844561046
824794830 896696337
317158329 858042477
181178926 806186016
208428713 751719891
202248369 323907403
814499387 868138670
567422057 822197964
701759902 951460689
960270266 976309337
