460 544
1 458 922641847
458 2 705764908
3 458 747742745
458 4 551305533
5 458 843184721
458 6 440307516
7 458 581860444
8 458 574047020
9 458 969858082
458 10 746257417
11 458 867963838
12 458 257468579
13 458 933005769
458 14 970758676
458 15 150521151
16 458 653532315
458 17 954075854
18 458 989963495
458 19 163163187
20 458 821331274
21 458 631678257
22 458 610023736
23 458 760187583
458 24 823470140
25 458 482708636
26 458 802444990
458 27 43177657
28 458 484239856
458 29 75691941
458 30 833344851
31 458 217319018
458 32 931580083
33 458 26778174
34 458 695572290
458 35 784565392
36 458 353519179
37 458 339136954
38 458 322775425
39 458 924395685
40 458 748234077
458 41 539546996
458 42 781756951
458 43 842539840
458 44 120099192
458 45 105925472
46 458 758612171
47 458 150802840
458 48 351815624
49 458 480949118
50 458 338171871
51 458 816726759
52 458 166117880
53 458 599114674
54 458 912853046
458 55 804169467
56 458 158408442
458 57 124276547
58 458 797298234
458 59 860020641
60 458 8047090
458 61 738911574
62 458 552521095
63 458 816954517
64 458 227080328
458 65 467555194
66 458 674311418
67 458 436853205
68 458 383596941
458 69 447814308
70 458 790600759
71 458 657244576
72 458 118551650
458 73 141835277
74 458 222123284
75 458 469382097
76 458 172279571
77 458 830049165
458 78 223613255
458 79 300254012
80 458 958205723
458 81 60335891
82 458 256083373
83 458 988024429
458 84 31827698
458 85 893766431
458 86 701279731
458 87 314348662
458 88 417037756
89 458 721203876
90 458 866275289
91 458 289236981
92 458 556593933
93 458 195339902
458 94 217276340
95 458 962375265
458 96 542768469
97 458 393840850
98 458 916254331
99 458 781753058
100 458 424147158
458 101 274333131
458 102 432114340
458 103 650497787
458 104 434950535
105 458 159632318
106 458 292316667
107 458 455875298
108 458 607058879
458 109 376084913
458 110 637536538
458 111 296695508
112 458 608153368
113 458 205395785
458 114 709193414
115 458 767879301
458 116 644971853
117 458 495405271
118 458 294187634
119 458 161910187
458 120 436145760
458 121 541875145
122 458 28429524
123 458 660492618
458 124 162001525
458 125 506170070
126 458 838169868
458 127 224223871
128 458 531318926
129 458 579933796
130 458 837842994
458 131 624474664
132 458 82952671
133 458 244390033
458 134 7824905
458 135 795372675
458 136 820341046
137 458 850201324
138 458 454579449
139 458 352249308
458 140 720806739
141 458 354907197
142 458 723463214
143 458 344437141
144 458 266030943
145 458 868638440
146 458 96629312
458 147 202085955
458 148 518995428
149 458 631997306
150 458 903088950
151 458 299497702
152 458 72480377
458 153 39922554
154 458 447473526
155 458 973029426
458 156 574103180
458 157 396654471
158 458 720559017
458 159 848324667
458 160 883066134
458 161 302538386
458 162 731703031
163 458 983957074
458 164 672634508
458 165 540925054
458 166 197170103
458 167 871264382
458 168 435526820
458 169 868546699
170 458 549801347
171 458 697514877
458 172 954874643
173 458 287709783
174 458 559494924
458 175 873376184
176 458 520976198
458 177 412006529
458 178 813359518
458 179 928587262
458 180 702331059
181 458 775100627
458 182 122810493
458 183 236268275
458 184 412093846
458 185 472991120
186 458 454575787
187 458 634121673
188 458 265251673
458 189 970839866
190 458 863990625
458 191 372324795
192 458 442745508
193 458 860361371
458 194 817876034
458 195 162649698
196 458 640551372
458 197 824312324
198 458 349385527
458 199 999675551
458 200 203661813
201 458 968195978
202 458 149039410
458 203 422442372
458 204 111341747
458 205 240817359
458 206 664464364
207 458 848085139
458 208 325921931
209 458 316117332
210 458 794440612
211 458 444741382
458 212 162055994
213 458 34362224
458 214 2379909
215 458 396043024
458 216 348092373
217 458 201516907
218 458 913458393
219 458 766199534
220 458 603886527
458 221 163813165
222 458 234358655
458 223 162607516
458 224 146294172
458 225 649807918
458 226 7993092
227 458 107447776
228 458 533999622
458 229 915928052
458 230 56363341
231 458 488376963
232 458 218638921
233 458 640225513
234 458 595929695
235 458 42363045
458 236 47741409
237 458 42238566
458 238 246795279
458 239 890503955
240 458 14575096
458 241 239804286
242 458 572715515
243 458 132231849
458 244 135903559
458 245 449128151
458 246 63969016
458 247 536466510
248 458 395655618
249 458 503542072
458 250 768752596
251 458 746073219
252 458 925260503
458 253 1883577
254 458 827028436
458 255 897716791
458 256 196368059
458 257 91427902
458 258 784772776
259 458 91297727
458 260 368770528
458 261 890745529
262 458 204587483
263 458 3911389
264 458 676894897
265 458 221018180
458 266 321769081
458 267 8978715
458 268 2887141
458 269 251768164
458 270 887343924
271 458 699519852
458 272 212917636
273 458 286071328
458 274 260562298
458 275 109258488
276 458 452886382
458 277 694744678
458 278 743912538
458 279 57497607
458 280 384061844
458 281 649884275
282 458 414113937
458 283 670927930
458 284 954166636
458 285 120555339
458 286 189913241
458 287 449372678
458 288 561105419
289 458 655425160
458 290 500385958
458 291 558683349
292 458 783399111
293 458 629665891
294 458 803455269
295 458 677525243
296 458 563853124
458 297 457782188
458 298 999233838
299 458 559303308
300 458 66566509
458 301 361766854
302 458 586619037
303 458 606761297
304 458 233254595
305 458 320990951
458 306 78135843
458 307 699568992
308 458 989026804
309 458 422432168
458 310 980762161
458 311 490999034
312 458 409933396
313 458 514743293
314 458 486109656
458 315 154482386
458 316 1627371
317 458 341483591
458 318 430344552
319 458 558093034
320 458 182720034
321 458 8070087
322 458 612395659
458 323 548406213
458 324 324425033
458 325 573568270
458 326 640284742
458 327 781240442
458 328 956826132
458 329 212990908
330 458 184324174
331 458 826990917
332 458 494196670
458 333 975066280
334 458 121584327
335 458 203689724
336 458 917719214
458 337 367601470
458 338 235311920
458 339 922411351
458 340 314404575
458 341 672071554
342 458 485545473
343 458 678366811
458 344 232317594
345 458 616162162
346 458 902130526
458 347 928586092
458 348 719773453
458 349 443137430
350 458 422363473
458 351 380192005
458 352 616146798
458 353 718452583
354 458 641243444
458 355 860730092
458 356 794490143
357 458 92812621
458 358 957787160
359 458 65750137
458 360 859629437
361 458 873533950
362 458 837848972
363 458 998596697
364 458 836896914
458 365 340333939
366 458 736497624
367 458 637411581
368 458 792965352
369 458 325342316
458 370 682006322
458 371 174179548
458 372 391683275
458 373 633302226
458 374 242202680
375 458 533968913
458 376 993667111
377 458 114576267
378 458 546698521
379 458 972174912
458 380 595322557
381 458 724724189
382 458 722688394
458 383 171201828
458 384 431136393
458 385 350803060
458 386 425425962
387 458 53855693
388 458 521899954
458 389 837168621
390 458 907325847
391 458 687280162
458 392 830065364
393 458 48742462
394 458 381799676
458 395 213497955
396 458 586867032
397 458 696428379
398 458 237216732
399 458 425984858
400 458 968643993
401 458 360413067
402 458 779941386
403 458 543008251
404 458 608084032
405 458 481666202
406 458 429273956
458 407 571631876
408 458 504590143
409 458 913674556
410 458 467264669
458 411 5139567
412 458 762323031
458 413 138403902
414 458 27574026
415 458 410960278
416 458 587410365
458 417 628125731
458 418 427029084
458 419 257993079
458 420 54165231
458 421 918675973
458 422 527339884
458 423 679952389
424 458 848147054
425 458 492645492
458 426 63793182
458 427 473170458
458 428 931659742
429 458 167815979
458 430 659672845
458 431 950114012
432 458 686652685
433 458 255372202
434 458 27684075
458 435 615632889
458 436 511456750
458 437 459038753
438 458 761931328
439 458 26739330
440 458 153119174
458 441 251905674
458 442 1532636
458 443 114160862
458 444 861883444
458 445 549485086
458 446 657863592
447 458 859529125
448 458 687960330
458 449 880292760
450 458 796266348
458 451 967843594
458 452 632848509
453 458 929956486
454 458 989411983
455 458 589170201
456 458 118492741
457 458 790580758
459 458 85138806
458 460 916809819
544816483 599727052
27457101 505277462
562684347 908033294
901637891 970519533
623423181 793257816
444172416 471198023
499154252 726554128
104676597 319735739
47097085 243487149
567686562 634269169
264606202 724852418
770989612 996580934
257852299 396726377
775953967 951317785
252531982 486540292
709249384 936480186
160521414 724733203
112717411 356912397
37827882 124560997
333422766 376984985
109229786 509146122
699492617 760370117
952284594 991001627
578511527 873357076
340421300 826368826
475941386 486700088
97886175 646765169
216605362 253448495
343751381 869594078
297697226 316374276
103594799 616030614
723564092 858977357
731648370 836770592
152783421 641195609
591672355 823668718
246807506 413436202
525170910 579343453
506423982 556602892
23718230 414747215
270977188 929948986
784793761 891180052
212236386 689635960
785505345 988472012
564957226 759856424
91992248 217039933
821399710 930477008
392698202 557300435
713957744 908174151
575810044 640135438
658986562 739712159
444579502 977577821
450908490 997229862
910228372 922395045
176003522 478927338
50691201 866944198
218895518 936260843
443553530 843159482
357368088 966542217
980437160 996400995
813410028 868912413
761687693 808659403
634776122 758412674
508869206 892352760
849662226 989383301
514235177 526655400
630482874 804020931
489644367 701749067
349765870 946694841
555046589 963415402
198561151 822264410
882299994 952196789
964915196 968632249
329129656 586873936
612671849 721921269
128473877 568481382
808887822 961193712
664290106 983699202
362202128 935496337
188672313 655028457
843224053 921847880
209346820 635785452
684810992 689359455
988405791 996435694
667654265 918604217
903232987 909304911
613579711 951958796
802729524 824873469
627324607 943413214
576738569 904084048
906646088 926253689
117851630 124421451
180659380 713353301
196725965 228689508
417605176 651532993
817712051 939032366
603591831 625268638
503924588 681156941
582213791 965811066
856102471 977455768
420325998 703472552
283608498 388341409
610602395 916364316
342777892 947443212
729400390 951781435
541304371 561216045
477343222 923204569
742946456 938644210
447268935 917568869
700268883 984364410
254479882 337868905
305352447 594203329
77303741 961658407
136390778 672290130
564307794 933055761
328617716 972570072
14760517 525995414
987582862 997055395
460553182 835600465
661774968 951703751
955566965 997498693
439712285 758319495
950243876 968185368
712064720 732043080
237176228 344612250
438205115 809787122
484587887 891354339
840953114 857458639
993920738 996313153
830291664 937714954
131852631 265402473
991280623 999463551
824325775 907919266
629702100 836839836
547868936 623666650
458856427 754335651
347856341 888162375
15809099 627871673
877769870 914273926
598334076 860499854
463505595 946100209
826547911 890309043
750649565 941399056
971871134 994824270
394204927 461618633
842760402 973515672
679407679 755663742
18991034 937430638
300888074 716141497
773872814 794309331
700972789 766044292
793647468 817950469
421855221 889369438
728552652 948368766
937596156 945426299
758701462 986942687
956744113 981891018
118102995 559002716
974399988 994664702
499186853 782846349
19299907 976366300
719245841 810752492
866746484 879099253
535168449 710988587
786808485 922569953
43626685 621029913
56145839 718798312
207461081 693376820
719659908 861924706
458412392 599991971
70853131 884754384
442173295 614164896
764600374 931318044
716438828 797883489
238878493 361531223
688083416 998059010
544304454 793508216
846891972 992664153
146002706 241207742
827192919 985854230
734427186 767822974
958522656 959690202
105983437 395325019
667057168 899174926
944365254 982306158
477771605 521539599
172457668 726764126
466562120 705184862
718321754 846255367
817371177 968526252
931597495 945006873
816123473 901596098
831065940 923245241
75898429 737777637
170641620 512407602
12018527 415817193
754952699 934800591
60614079 299109733
124934850 465783049
229441691 792633190
246209944 872167385
517575714 806011031
904819626 937176471
520872069 576617054
464081360 973809978
424694620 820277183
507692796 712235519
932372429 942142937
1902823 265002673
383180923 984950428
23319464 522702677
876460491 970737616
909753679 971110177
484818184 838062635
317199558 648519157
504957243 604001756
347153252 678923981
698643081 962533098
192430041 346851297
499821506 969100343
584230298 925090668
924999718 998230825
746696075 819453009
29076120 608364873
828235605 881022125
707925159 941124329
407520799 448851308
232821882 913640498
802445168 878419808
171044600 235301585
521364438 568867046
887822809 968016911
614175717 985948810
924526435 958962532
538376244 940489464
91368352 975788628
924719937 942417125
358835384 538044117
750310199 920409448
721658636 878941216
569670571 820789491
935621014 987754992
943283066 949419541
774212608 919172797
475591315 724594977
70520661 708245826
515110555 587294217
624086480 707595469
157189486 563487962
336185023 621887801
248237683 321880495
691350133 819289278
428910310 950427166
408515713 838329003
165993240 438483865
978193731 995742327
77972738 403292399
755666451 906143495
391929976 947320326
309690812 806327697
999033928 999845137
329068401 764596420
161573146 992592439
704765927 771839643
71008825 250552078
147219404 642470788
476995728 700000229
436804274 614655236
709951944 950504460
174829699 618259160
794590438 839516866
404039465 635129651
150459114 727155176
335495292 953002272
95538533 854616794
815465516 928131580
210303463 817091761
212745805 919835741
224948263 300335460
175512290 944940787
269469066 278166424
611868667 710780855
314305280 795422882
47946213 280989235
634272540 643985887
569491600 864026463
382491429 680622760
59131114 344034670
199139755 350855791
40628180 340607643
627760388 870168546
23811566 312882427
668575148 825293917
367678258 576566240
117648668 205546328
421838426 897401919
863310114 974997252
657986618 889664156
784847749 984797582
494812159 588042043
481286771 908399093
265655260 881562422
473995371 846509390
999484123 999927631
198180296 493599770
201022938 562401601
114419730 780998108
982742132 984785756
270064543 685685876
221565312 820172344
64680896 356052207
453393647 714297601
750850975 774545135
636880858 834775501
105825648 167479004
119476795 473858590
606939257 688543093
285726839 391657915
655657514 802348489
551235551 716728634
703343038 907347918
107665485 166628612
5963569 505867185
822501591 843194025
618592395 991260518
36594818 825996477
910989 406373659
715554538 805071223
267904948 848716737
923332177 935916467
961696221 994391877
120370434 875697324
719481735 990580439
700245893 724611065
855476018 957288716
711041988 859033713
810315064 877633395
658772747 878078839
100316416 314439067
635825230 697913852
388502653 938110562
493140335 890419172
451453616 561153443
493074478 515239967
338103561 430267946
480991610 976885714
54609529 64455698
949538504 985901250
680873235 733404433
800912182 918638307
62805674 144042811
250697664 947244492
574629474 820935624
768453329 799481276
836643340 845656101
767139439 863749077
831762848 877364255
186162076 624297597
626541214 651992218
622299183 780804866
717529854 831009272
781804210 835321071
96610822 770040082
83072306 880164967
304705749 849095907
385547600 896399504
79977042 273413055
377893129 621374025
904784118 923886573
156091347 222361627
811676299 874166796
576089848 807795419
126946845 926108205
25328411 184893701
820393455 943082168
983386866 991256406
420177456 780462527
38035439 573956046
630638849 848391984
886033928 988178374
375401423 753640151
665253103 791283470
131285966 699223700
651771650 870298438
200429735 257766779
515556548 823858340
948458956 992338512
748485529 911611708
803860032 953859736
91551710 688095291
460645857 909271387
939006155 991688446
873704374 969559957
520113721 909705560
831450312 930960934
704580185 773479887
333945769 397075054
169151124 729878203
143521224 325187026
208753928 472393746
80947422 531963621
347788676 525657796
55584585 889124764
273756716 351930891
625025392 756887900
668315156 926822513
1386503 507503343
772250532 825156293
316484161 777665647
67711426 117922454
8745132 139316479
245324335 786911244
68195525 447637915
608082932 882875335
244645649 835169452
764108237 896783852
290082520 644686991
268947450 534890338
479948504 663601199
637016798 961576752
802095466 934772908
218025392 834558102
263025672 266216089
488835174 987405308
695848333 786213300
255719731 481760719
29637592 886507753
618603027 844215995
826853462 974047231
528176768 693590634
435459699 915729372
772576526 787879175
963029050 963082384
149519611 762614023
474875023 639009392
345118416 669941138
360957225 934468183
49966041 616092077
959431680 962117023
283258738 849229657
840145318 904800598
36228311 962483819
119122380 264666963
493583856 973658364
533037751 881979987
711703735 712943561
451994652 725772159
206615656 902587395
982448847 992471585
359773544 475248253
454824518 874042905
92759880 528466151
582447854 614122284
139633074 334465223
822755286 937270944
161880567 982452731
72725353 682569707
393918753 462273140
490375117 512286556
613805174 673247206
924050716 968061859
971654832 998755245
779007241 858526437
663711900 667950996
86413393 215323633
277727488 978667127
236920325 709967673
161430659 563775055
20984801 485947120
547400634 932724555
294246339 887561094
418892447 914255872
776740428 900266567
458756626 876217335
112657076 933405384
282333135 901521132
708532761 710766507
722109682 966777250
376873295 608379661
113352659 665776108
928662342 955955820
299224536 382773588
626111055 981005243
673911624 870025071
820754740 831867504
169368278 301997552
221888491 525356941
866019660 884980201
747063611 911440919
791160231 845986565
428232847 663666057
485803182 942476898
416162802 421191330
115724623 921551204
203193711 950184142
633478433 912147393
431434957 865379525
668440105 825443205
892069860 929338272
89673099 115128408
857798549 905086765
572377518 868454316
852669469 949117121
640306150 876748107
71879653 242385761
622296947 971842659
128357463 683472311
911076344 964464076
569520153 842807651
308305701 516895037
142723749 730115156
853754934 961284315
512879611 878046109
287061778 818308881
568240744 921651444
861023024 909169922
816385104 881875618
431272108 579325521
992780585 996411601
569090281 632258766
919860757 947109015
887102058 930150675
58597539 504339656
886758564 910152463
476755087 853476229
349362014 592253139
834508116 896139860
554110653 984253767
6121104 770746143
339266389 605486962
85030780 711636963
65400367 863220881
139270469 911695811
867947609 982449429
423131368 889354672
475156391 758229626
46380687 447507645
862515217 908077005
356631215 782490250
430668672 877075812
679754890 684677952
631553108 672756232
586303097 853231701
181577597 187588189
794684727 886169049
