876 837
568 497 15430
91 497 4995
24 568 72883
687 24 47251
421 91 56130
525 24 37620
309 24 82587
786 525 58902
588 525 11796
580 588 99705
347 497 32551
539 347 17549
653 588 86176
94 580 16271
369 580 19979
764 539 59779
829 91 44231
448 568 66114
783 497 83932
823 94 35386
365 829 78875
64 653 62973
668 539 63456
174 580 86029
201 580 93642
297 94 70003
219 580 72536
794 365 1038
81 201 95340
804 580 37658
344 448 4540
778 174 388
414 764 21882
782 687 13350
109 588 8579
293 778 58628
233 448 42729
366 588 54626
72 497 64370
717 365 8822
298 201 15500
486 829 3645
723 233 62188
147 24 49024
143 588 68369
337 366 19085
291 201 28400
534 525 89040
284 143 52854
700 201 11816
549 143 90846
485 588 13702
431 588 26898
107 485 7254
688 143 78013
202 293 37570
836 829 98357
674 94 94955
655 588 73867
796 284 49286
809 786 10810
74 91 30222
338 655 1858
861 783 31076
56 778 19692
89 366 78377
52 486 62613
865 764 155
771 764 99564
516 688 34752
420 549 40903
65 74 42360
307 365 92647
807 717 73626
113 297 8602
454 796 80816
386 786 7194
682 865 60785
564 347 81788
183 687 52986
370 64 66720
679 723 93504
182 94 95646
199 386 41835
695 284 20605
781 687 98376
760 807 49127
646 420 72589
148 81 22686
685 687 6792
132 804 65939
868 107 36631
364 783 87900
607 868 81778
274 52 41217
867 717 43947
832 293 57570
720 682 98472
582 588 7674
20 836 23030
697 347 63900
129 74 95221
740 760 82086
706 74 64455
680 687 91084
428 516 90030
161 147 54713
439 24 24211
75 89 25613
835 836 70973
709 56 73607
269 832 64061
471 695 61427
565 64 36437
876 233 56139
354 580 34580
342 471 53243
36 700 4696
773 607 92117
498 56 21985
381 549 49173
270 284 90648
63 369 87779
509 646 35534
554 807 26154
48 24 63704
343 865 56715
155 284 40174
146 201 88060
17 823 61146
210 720 50590
492 588 91140
98 539 81894
609 687 60298
279 174 66723
660 804 79725
45 835 90589
808 202 5652
665 270 76323
352 343 30841
496 486 31920
831 764 98364
830 809 74573
563 509 60084
130 668 72536
670 564 29456
620 421 60341
120 832 77862
648 448 53677
322 98 72208
34 486 39846
220 338 94189
757 454 84148
728 674 95627
15 876 23331
160 130 75625
654 687 22853
636 706 3545
641 307 95440
122 342 2310
99 835 642
514 485 84541
528 420 65834
749 876 80833
33 370 48206
738 823 99773
150 122 22969
18 233 54713
263 337 71354
111 343 12420
741 421 16742
703 381 4024
864 122 48852
313 89 54282
350 81 65621
487 322 9016
488 202 39057
87 534 92653
398 706 86640
116 488 19720
561 132 38429
340 829 73763
77 421 6824
663 528 74285
38 528 77780
799 809 17501
97 386 7271
690 783 67666
378 364 4594
491 663 23877
816 309 24601
271 485 43207
339 868 38617
217 340 64579
637 428 80422
819 636 85828
798 107 58546
135 773 6718
608 607 34390
828 354 1851
724 174 78353
285 723 34158
68 798 11445
67 313 72560
854 91 20164
847 87 23337
306 561 29497
154 717 49509
181 381 53072
547 161 6655
12 783 33787
236 148 79721
424 420 90566
168 297 66944
732 147 19386
84 52 89755
46 297 67673
423 783 90165
621 87 30167
254 439 73418
399 89 35673
308 867 50167
541 539 58953
193 424 99717
693 804 88416
567 199 95212
188 773 97755
76 343 42927
848 193 17068
736 724 9218
632 549 88110
283 828 50821
367 706 2114
251 688 59233
544 554 20821
765 17 99720
852 544 25964
126 663 80914
208 181 99885
522 646 16050
466 340 42251
827 799 94360
652 143 32203
815 832 31325
128 720 11214
239 279 92606
599 77 28446
634 99 58569
432 815 64015
6 65 60511
735 541 6422
207 830 86610
447 522 15649
572 539 79593
810 786 15689
542 74 76266
673 75 46128
411 852 74808
259 528 55835
427 471 55654
557 807 92423
31 6 165
790 829 56086
493 486 62100
873 447 12694
49 17 78776
361 568 38501
444 120 11077
803 24 48116
211 113 86148
754 525 27954
242 652 504
71 528 18812
47 126 32599
640 720 8438
372 48 50911
142 31 27807
768 298 76254
90 129 37144
840 728 28860
785 544 38468
511 703 15387
299 740 94225
305 720 3109
227 116 35977
596 498 56097
192 768 81440
560 33 7431
134 768 64380
22 306 52145
66 75 98550
434 783 92043
457 740 70107
292 309 27016
39 816 43953
169 695 57642
380 174 22841
532 636 590
513 48 60458
228 24 82230
856 688 61917
391 361 89390
473 687 47447
69 350 78902
559 208 45462
453 559 91713
436 364 17870
224 47 43728
657 493 27958
243 488 32400
597 424 16995
412 757 1774
323 169 96883
326 202 18252
214 207 23730
14 31 59620
158 126 11997
839 783 80880
58 91 93334
54 432 72543
871 285 25116
100 49 26942
121 381 83903
222 803 23733
468 381 3818
281 15 19182
117 794 61255
818 201 48923
278 488 22475
139 783 92490
3 764 94981
875 222 23039
520 423 31066
272 693 26471
469 298 73460
32 560 1777
505 773 13881
419 596 32770
240 129 45045
708 868 96408
319 284 29603
747 281 33255
615 747 96475
212 876 5256
209 693 47122
490 688 43167
767 293 3841
93 757 85335
185 831 52445
707 209 6450
118 343 4972
751 352 50953
776 790 10682
733 799 90952
863 366 27638
376 97 25052
753 621 97148
237 564 32696
385 339 83000
686 193 53477
585 12 28014
186 514 36697
689 544 80630
555 738 14618
694 732 44666
191 209 36561
13 572 56103
696 597 27893
356 350 43254
613 281 58194
300 848 4170
152 214 25197
569 313 67587
677 690 56676
523 547 12168
156 367 1692
204 31 4827
184 588 67498
312 39 37427
349 298 20663
345 367 36498
302 14 37592
521 323 55182
579 91 43823
235 350 24857
612 174 81108
296 694 4213
452 823 88882
715 369 18162
727 865 84335
664 736 77993
535 100 29526
470 738 3540
631 873 81346
346 717 48720
792 279 64968
114 181 87446
416 621 85740
821 64 84994
851 416 17532
180 749 56703
503 485 98734
551 69 8842
387 347 13364
258 344 73789
635 93 64652
119 199 15258
666 263 1457
800 703 49346
403 653 91175
645 677 14051
793 142 23751
400 534 34432
661 803 82740
131 47 79510
266 47 80583
375 356 48967
593 511 39217
19 150 35495
480 700 58475
704 367 4627
273 754 35942
472 18 95282
301 491 80859
465 403 26528
341 34 31935
849 24 84256
643 736 65934
591 645 81160
395 191 58905
280 693 73233
225 706 71652
244 765 90055
761 448 5384
249 453 76704
662 352 80096
136 32 10065
536 278 21853
110 117 64042
230 313 63533
303 367 28577
170 90 27301
79 785 15905
587 87 1629
78 354 67160
262 715 73895
277 134 36469
226 208 6893
461 344 67307
26 641 58080
758 554 71534
623 273 51145
415 588 94528
333 356 6372
261 17 20277
332 452 80598
215 337 40970
435 798 78151
739 174 19529
479 665 40392
755 214 78172
857 254 46061
85 579 43223
41 273 7360
310 732 43845
526 219 43078
500 208 4044
327 90 45089
393 799 17428
826 636 71019
543 109 60427
405 98 93395
681 77 89947
791 434 83854
611 230 48015
590 271 34283
659 655 3779
594 620 77178
595 32 38299
407 587 84889
330 45 58933
462 93 7250
196 45 88874
328 168 28202
358 412 49864
589 64 66556
256 646 90109
190 466 92833
460 156 57886
102 225 75910
413 677 64049
533 412 22560
157 39 82923
789 209 34264
531 343 47789
82 539 36874
795 589 21916
656 646 47826
162 809 25922
295 393 42513
748 694 20887
476 136 35178
502 128 47108
475 186 57719
60 646 96973
459 749 98963
264 271 64130
625 201 66076
719 81 27381
35 349 38235
246 819 21325
870 804 70891
678 720 82736
166 102 58422
124 557 87764
813 559 91037
507 158 35485
104 473 85572
842 861 86298
5 400 20853
257 648 12799
616 847 46348
4 488 83444
553 236 40386
770 747 43532
409 539 46067
189 662 67997
418 616 4456
30 652 90466
441 798 41108
860 735 58885
383 170 9903
276 719 85326
108 876 78448
401 49 13225
464 553 92142
253 597 10722
445 292 72883
729 623 30518
545 657 65258
858 541 75047
123 343 80481
422 808 97536
218 561 49377
822 237 57436
518 580 35773
743 38 32446
825 674 10369
359 270 10770
16 687 79165
40 356 14676
606 865 81727
846 227 53248
722 123 40630
598 697 18946
336 707 29872
675 733 83620
205 595 32298
9 224 73004
812 369 12488
27 161 74217
628 364 31044
669 528 12952
584 547 99675
574 453 76419
805 525 11438
138 52 24822
255 281 87513
167 146 45547
290 549 172
80 230 82882
396 480 73219
373 116 19281
501 299 42413
163 391 8597
721 121 18945
316 170 6605
705 739 20830
11 832 97772
203 372 76729
841 708 1360
355 303 28565
649 582 47694
7 201 74957
484 254 19149
482 244 80211
530 66 27088
756 24 17814
658 521 90532
759 243 64542
363 545 63894
294 391 98908
629 709 57914
384 369 6002
229 12 72370
527 720 51009
713 401 65152
619 505 88815
787 715 76110
647 753 64201
633 733 28467
200 816 27688
315 38 93295
392 768 25020
451 392 34749
556 366 29083
286 572 24684
42 136 4223
238 208 19160
575 5 8822
712 728 47853
59 354 95163
811 462 70300
638 263 52429
144 196 12584
745 782 8024
784 33 21338
844 679 53171
602 863 56559
53 735 30622
106 7 31699
433 656 79467
426 830 32071
44 532 1460
430 74 30888
456 876 38152
504 632 98141
267 401 65523
362 588 36275
288 349 41191
481 150 24131
374 337 69099
512 412 93745
232 277 57007
402 607 96260
788 80 55491
176 422 53020
194 263 16208
177 812 46265
859 217 35037
325 722 72975
406 77 76595
618 102 71270
737 358 7487
644 749 69513
179 294 80865
86 277 9594
676 201 24135
558 202 89479
50 516 39343
725 273 39730
216 20 46717
289 827 59584
817 522 20718
716 262 44031
95 38 91386
824 867 90109
750 751 68845
442 203 52573
175 52 132
10 595 58610
318 336 80291
331 106 92571
51 643 19238
172 409 4394
92 725 41086
702 152 38029
377 218 82807
62 273 93636
506 516 91665
850 693 39044
592 768 92478
425 175 28279
746 544 59409
499 828 21433
552 561 32159
718 167 51939
115 72 84241
394 870 36054
866 653 52726
265 674 29194
477 211 93296
603 456 32445
252 808 55579
417 419 44055
368 739 21729
495 623 44124
797 503 61619
517 347 27208
171 26 53073
698 523 31155
489 129 74496
548 386 14451
195 612 43239
802 171 330
651 720 96129
627 596 51028
73 632 33015
667 523 85361
268 674 2749
438 136 2803
683 273 78021
282 462 4242
731 409 45843
348 69 35106
390 683 74104
382 516 91739
650 89 21096
833 315 54018
351 9 33826
70 236 1119
843 266 11245
508 218 45359
711 782 45386
744 665 94625
540 514 3652
583 651 6853
853 785 64915
25 285 7359
586 386 58150
478 117 4167
474 384 57515
806 279 72875
538 536 45990
43 469 48638
241 310 73255
103 294 47344
617 238 37308
83 257 36338
28 31 70408
404 875 23544
137 91 10832
573 89 37123
101 333 9626
329 174 51163
275 866 37996
604 68 18205
140 373 35256
248 276 72879
671 226 99474
766 689 72138
29 181 87212
772 128 11155
571 236 20413
467 533 31190
601 167 93950
691 65 15388
410 395 67328
780 350 24914
317 679 59905
600 169 74800
779 500 72868
320 741 62194
626 209 1140
814 618 1194
408 841 69057
494 372 97303
164 544 82600
692 781 54855
250 452 2173
774 851 28610
610 833 53165
605 9 66520
562 303 86287
752 813 16551
245 495 93095
838 291 77710
247 346 17890
314 376 30858
624 336 20085
446 814 5544
159 838 24158
335 549 15390
714 12 79960
321 476 65611
198 236 72434
801 521 91491
125 355 48287
450 753 65138
379 230 62893
581 499 50249
458 536 3991
769 627 80533
855 717 85500
2 534 3634
324 625 76399
105 822 22853
775 424 5538
566 22 79954
577 681 29647
529 29 87718
165 364 32825
96 475 92283
550 370 86617
701 791 83402
304 461 69314
672 607 54557
311 557 85696
206 811 48489
360 526 15356
133 664 11745
862 827 60339
357 225 94666
869 598 30772
55 591 52094
141 136 28777
371 315 61648
234 196 94884
578 830 67515
21 608 49903
639 658 65092
449 426 1736
463 85 9436
519 670 1201
37 575 55201
213 177 45232
149 543 39822
57 229 84815
546 807 349
334 298 9188
61 337 94688
642 603 73581
622 825 65577
684 799 27592
837 391 53092
762 628 40116
187 566 15092
151 728 85214
777 266 6370
845 131 31926
742 250 17154
8 354 78853
260 377 12200
440 830 82189
223 739 40062
437 37 66804
388 411 40487
872 617 90414
397 105 88057
763 745 67647
145 804 71598
197 62 81030
178 185 7115
699 844 15454
112 204 76898
353 431 72991
820 547 48157
221 649 62545
231 241 680
127 866 638
88 343 35961
726 258 99322
455 491 22286
537 833 35001
153 476 26774
483 16 6277
443 496 13489
524 788 16809
614 816 69796
1 461 25187
515 397 32222
570 311 35325
389 469 16650
510 812 70721
834 399 86049
710 86 77958
576 678 85017
429 168 99417
734 556 61813
173 106 17418
23 716 17692
874 844 28693
730 509 50897
630 322 88358
287 461 41614
829261171 961965473
994161157 994693820
944042380 985500003
414226051 747697247
773768198 970285551
618674604 973065968
818424351 924686566
784740598 946383586
602826269 985863379
888110871 949499542
28459001 174311815
154224051 826763484
801761541 909246037
886626672 888624183
190188356 859145703
138308657 644743666
159468319 925616117
908644228 956682226
475949203 486396023
284291789 353347482
800229672 866656623
592598249 797579355
411954156 960080392
38868497 447034598
470192880 898124388
947154038 948611499
558084164 742193000
115732658 626116955
616173923 891542420
229010925 824541356
586500511 784850255
721889167 757771080
311184679 379210949
468469143 923844139
72728652 880149371
541834572 813894648
202234141 629145447
998559618 999136752
745052909 851213532
714032204 756873197
503628107 634890895
514871406 587353519
53804944 983766736
695292968 931556971
104294642 900172149
420611490 771150106
295544671 495075736
899195327 992065301
414530957 509387625
146314419 646578687
305866992 573529204
738076035 935811755
757466969 807302201
511445060 731473710
368218775 797096185
801514552 984944713
500706618 824634485
671904371 970805660
713317877 904252351
598673686 764291027
426875252 462299238
524914573 609479979
341024062 950798613
627034382 708042785
235442485 809665071
416388536 944444992
111671168 975791422
758787078 760897612
31256805 877739336
89965354 628015643
708334390 862633779
481787319 627107894
262590559 339996651
612947345 867374671
289696660 726944812
742276232 932966891
824433608 881756648
620640024 623567726
72345601 489520678
77511737 796688027
470944671 634944631
379526443 399562206
102829348 120342605
462315596 928674308
783008272 900597962
211456056 553345635
226624061 273283950
159657169 306888554
377379596 913382888
908571430 978049699
952556771 995591786
669280142 716137495
703463579 967592261
608101674 837587469
399609497 500488722
937518473 996329513
253550818 939064935
693768311 997113769
837143450 844548364
612689946 722664067
722003373 766639615
996337022 996720044
404894168 449192923
233079656 840391487
379002228 566859696
74490599 636141153
309934662 737358566
753904947 965640212
772753764 818125781
387649914 407740028
331054667 957319255
718796073 819247590
7140769 146351113
936117511 973765472
34232021 133370464
855802348 951747568
665878043 768396309
372236529 968517979
181532482 885206971
69250903 515902910
637516721 854454668
52711150 653887404
520900761 681748961
429733571 906435321
311436295 440362326
219419418 691234183
904115980 958424886
626425892 769383058
691933576 787792193
761227715 941873481
960163364 973876956
511629875 889571852
523866344 770174500
436517741 606284947
270604229 660621992
986693357 989901976
966000183 990700059
62016356 763889774
16323139 503579836
509070496 823034025
634581011 654757296
54893109 533419717
117032490 615915527
177137423 858915314
400212402 837758977
851160482 971065979
516595691 645685542
659601927 854011653
29153589 607860047
880199828 950052812
766302181 956567454
413662202 655412500
301043201 466023711
804180364 904022317
951463595 960144887
643647566 646227774
904898343 905054051
783029323 875117209
634517664 801769005
168795228 354560973
972649661 988951909
582887061 775081496
335815110 644818624
731718510 997433562
719009092 998852379
661692759 927679274
412446747 542118509
725773487 968455131
520636697 849029367
503253618 926278345
242327533 743203110
983934445 990887450
50469993 497671640
898494279 996982178
573700016 967660012
60380518 218192467
741282272 765764930
749353929 992262715
623409977 718749396
238682663 601452252
411838525 497445222
682903058 683093692
578950978 653787659
119498248 720995416
377742585 542932481
51245294 329541087
928340214 998513157
120851883 580342703
247282126 791018847
322887208 695216401
731606103 759513379
485333180 505846534
447021936 855778814
864302955 935273437
929194366 967672948
962689375 963490295
867962436 920020241
734244977 768660391
818692491 984091568
135612677 869769894
708822218 934411021
349136220 539247782
633879461 851535078
861762 210767724
613691091 905736923
463943302 920570035
179569004 294507439
510050020 583215669
431588642 760759991
26326756 735507337
233582005 944043296
123221216 783366887
703221233 937786048
151106758 377958927
21319997 411534435
244021549 948030952
293390785 771210628
301036437 438558845
237633728 513177651
243708602 721797118
754249596 951647851
261669661 895255463
875234161 952994735
253249013 653876043
891102275 983261018
269935391 339676785
561404721 901780199
572843974 928640924
619087628 843166034
848439628 966105130
327094058 960645119
960040520 984557891
851650999 945449572
289882608 472431736
875240799 986285093
246504991 910777084
646198633 727294818
39005125 238399168
168842210 527375604
456993114 834301337
293781875 662328622
387667899 682089532
36452316 126980437
600328311 667141132
791028136 954515103
12068296 80170622
260539357 918301533
261436043 745726832
186782983 477916558
69056418 690166829
263810195 399359463
510483243 859224169
231978130 617699134
732046608 995621021
702247526 980338406
624673553 836881440
213398746 246225765
844840272 985004574
986133703 993943421
917811740 934689895
2559564 169473977
148262396 613113292
263689955 745396574
706427807 752833824
710316454 848404489
479180041 628634477
377058039 393125943
505267254 882471461
947509076 971356512
788749379 799091030
560900328 969727462
414928692 686665220
708467014 721348374
145648807 577552114
526204878 768821552
644321706 739367779
166050077 170732932
567631537 660705163
386700918 661608981
188162620 629207818
774181172 904554157
406380443 873824845
480522621 589174373
654658527 842002942
656035394 736074153
937081986 980299133
970044450 992260633
820288524 979601179
283485427 538772823
119570922 767231122
313506267 921428174
594900695 867935321
924648676 991706449
224428270 550802351
8729228 572430686
697724667 830433055
565787088 739380308
515127662 546670256
228445777 399250846
190774783 538020358
542814691 561415589
17979289 217808586
428273323 796288566
321921000 350707477
573916336 793582906
922890034 932625570
84307357 841033992
856071101 921021148
596942070 995023463
382163759 769716970
10092496 737047233
381940272 879041804
342937847 757324237
284284794 821212886
12244809 821456374
544525191 849475066
642330068 758181232
612510376 624722989
729037672 935103903
858627067 940878147
22473295 60323943
861591215 997310144
139450903 406905619
127375215 270457899
927387741 930809730
417466811 657260109
729461804 824850563
559931076 762061707
427230284 855554871
148236641 289080605
125100964 281406133
789572153 972256827
96333716 977428035
638058470 929345151
536733561 996481177
240919345 821703600
691130977 948822487
197856822 680033765
607772816 743040745
540331436 710229623
93700515 830826723
987862165 991860515
581492187 868436599
361074618 924293730
815413771 821134558
578824836 675150595
524323948 579065329
350809904 951585050
974029719 983532299
430370071 786411648
172545691 749992564
783663841 783715964
684094381 860486782
78799654 807564825
570939788 878834274
852129342 862551319
210898794 305263943
382062860 572916999
976899407 994964653
898781074 973540910
89248537 211550897
325095895 854736115
262733398 502315202
950441701 955694356
36286298 684517029
992697238 995554163
965011940 992502141
819018300 923245751
941481038 952463661
73892452 203676231
635147981 826745827
337888717 727711277
927393041 935588557
615795496 620971656
910569694 925823705
58329309 519024153
431503955 718017120
149865822 800426866
304458897 411862082
672235479 796623946
339500266 383381241
483523094 736694893
152681202 483064874
627503162 931174236
521196579 523216006
690108065 821668920
801371287 997998779
240509383 469749931
398004918 848172975
189355623 953257113
49755151 719655320
310924017 842633664
678800896 941841416
472422716 757914645
796693665 845546135
879238209 958662209
439712786 977314803
378008361 987526290
663149690 929137785
790780855 800115255
470789257 881987192
180789755 634872226
448837072 716149139
391590877 897887992
864182146 938218840
275773111 515407579
184321801 256111463
949797652 980260980
405705121 944332295
951637424 977655577
517265341 912264796
901932115 984325833
417394627 620690891
212049832 686669685
812351190 814194614
852314518 860073777
261027238 716257537
490003662 661527758
366945441 877414300
622600124 988596147
846627981 982324702
340116638 921781888
406010560 465717993
847826973 862461240
16176199 566094463
687108327 823089922
761798216 955921976
165065501 637807315
451732030 940323610
841650647 921703538
350447992 362728483
51258989 177281993
689355605 779522634
441228373 962348886
556311706 567247612
934740810 947501692
431389498 791862967
311319647 649345564
503155201 986691124
223797270 676527979
937747139 952296433
272980249 377612766
337297825 610222473
783997315 922195132
719676691 962266291
637297260 917793880
733775501 850253620
7703060 522396217
563597691 963529667
219603706 619411394
325810447 685913760
139732401 809705770
216611117 490952190
736057758 785044571
998397425 999367332
636452373 681434103
880065982 945525741
195293909 614572252
80464518 763314623
174100094 452567899
459881040 956439785
174205086 206445795
220624014 267698422
958874094 972088570
452164636 480497076
470554573 968163575
227379647 973913620
738408581 874314515
902571104 966000446
206501258 956330886
627582007 638133847
278872837 540679814
732424379 782952174
896175682 930979107
600757405 998417835
970359954 995391874
308913052 964851665
960767886 968878543
113086657 920917708
854791393 865072287
748050305 850836601
796328106 918764111
260800055 338352619
701877454 990991045
954880288 955997269
113234474 169856950
95851857 244372552
918141133 979582160
852615761 911736827
435114976 774806140
12371941 646607082
437439482 866815201
112620716 996281862
943951358 956469752
962116442 984774148
883632948 940516271
347706176 572059536
587407809 853243592
299231299 647262555
252398084 757561632
144775981 541847894
977713865 989063113
650731638 693769825
138287802 282739133
65429382 206326661
641584678 997770128
426528898 607882657
213074071 457221320
474865971 652719731
461976993 810047070
605634289 702114574
247249406 855370235
239368825 962121473
993613704 998072667
279578645 706767280
535649379 773164774
3138620 639668809
60230975 252373842
343345398 573511622
105804171 275657593
144000690 187991078
745732848 834902463
403258098 762099377
449419675 576061133
573664796 759176524
388625437 633989622
891290599 962194363
266697039 376986942
634906070 640956103
715788647 957238112
400922433 476294494
221352618 269596883
859337535 926063485
379206522 725798644
276917865 966037803
818518439 928188851
460224220 556418520
823999713 954839248
793930576 959578850
18904080 877775037
780246637 924921610
221729834 787512570
696458314 843205364
343375788 604173195
567290186 827637872
118053910 840952166
472048937 672537357
10146371 92363114
797077616 925979883
631409492 664940670
838876257 981385570
407291854 510579303
917308080 922647374
721385064 762858167
608131204 899007580
488534120 713283625
817165933 849955802
13949716 990180891
812865042 873628561
764975459 928457050
168509758 602717834
864189991 942197025
236942583 279142271
507125841 641686642
38381166 931390360
730922975 758292910
721132521 921454596
108614941 552991004
378218509 706304331
798494416 838140579
597479122 886475159
887388636 896007816
834559538 998989544
886432356 954037689
36332814 211253027
942241652 979017692
714422187 853369426
650418011 915622839
521819359 851033365
493714887 523497921
949086639 953736411
955511458 987443308
759647097 760613739
314579827 591403155
764271640 978018737
3573373 749682308
386115631 589740872
308105547 465125291
52504849 531215807
694717866 801086998
401189921 846425335
690457709 851747683
900271980 934666377
372997085 620974490
837038180 860901964
505612753 539242465
390101412 597204233
196285302 926662859
756080402 988047305
856260453 913259983
543656619 933357883
99262000 750028436
872136605 960091517
453511067 470080917
696698034 723505773
986801282 995749682
209573869 599740981
402659882 689833654
87657393 625716711
902468893 998723070
871020419 936220564
597059462 959842517
63858030 167201728
391113081 681965552
829076129 873563013
371304793 789569265
641956312 826961881
104605580 539307416
127443777 762975109
155335022 825752837
712040579 993997213
659826842 942556695
127702480 478866532
632135237 749399141
400791152 558903324
649312686 864700832
790595226 966659668
900880618 957357309
327086270 823405401
518993763 736316288
167094990 653480231
895761371 905128388
267378548 929799760
106507857 850281084
277861855 565754074
228754230 385157631
805222772 839920263
979916491 988429428
717865332 744122770
866822773 906508510
720198679 936989993
265191844 415183585
936363338 953853622
359251540 519810215
823554515 996824095
945827659 995805469
791811980 809849817
442372808 509070244
327567290 752371834
694096893 760254567
952861543 989243192
412320947 649357686
836712997 938170566
291423010 318043064
820426742 832099045
151247976 230797702
306060495 585579328
664470190 692993045
448916386 515681218
770982306 955038603
253631467 702183399
105505163 520906174
489606849 845744435
240068377 934839651
195586722 260761658
962132375 991561788
703924870 909728433
839528717 938497090
72771230 74995400
224330692 542045593
988635065 995496980
429664174 704514199
134796897 869646317
23135359 741401437
416839074 656065137
861677549 918263074
763182759 923269251
37088811 864300412
556586574 623127640
628355752 973042847
255588475 876615511
578851756 951225636
954997362 973123154
764943715 797665045
386582636 521543577
137506506 464945360
541054369 568872719
58552367 90454215
829633509 869660393
387750935 441407622
227266151 820707642
795895083 874135506
27519690 93891719
67942586 661909021
32024092 98396791
341108875 722257211
914399038 947628693
685895035 918145986
84798410 427173297
612509390 943344734
619494572 992913210
855547793 913683419
654371423 908754068
369904885 485069171
875757315 969960643
783265776 962168410
69877152 696426347
995146654 996531392
52387106 259782259
987118375 992990298
519266018 918815336
529571195 558998877
426837896 703045455
939675328 979338185
383683242 603469855
853473438 857663022
111775824 510526174
865049945 869422132
755716215 913919475
429973113 646966928
89537434 851554974
491731907 820254224
633171143 947409734
645662229 771454273
125382263 836165098
855609134 921960448
929488522 968566250
707550269 722166760
287756794 927644025
72959455 641232062
99092033 898329040
558949396 693164254
71319638 876721524
749365502 873503616
714488917 880888715
18276083 537978798
898763990 954653583
214050388 765980107
62294984 404611616
257454463 495601787
891248209 958379554
334138616 443989162
977644729 982712371
366740781 408994467
657936536 995977289
789635695 939504802
898497064 994362395
898327488 944662395
203783971 370783724
77149903 709377524
444451255 757090092
558106911 831960807
323164456 714225262
592865016 758062656
615943742 738960949
415912833 920324351
644219220 987418480
435810954 999394672
305163764 493407591
569886487 685447863
427834743 457805053
207036457 380584836
299174615 816283790
632020055 944632858
934483360 991585787
349596616 898526560
970661009 996607196
767200937 783263805
563135069 639012925
415726848 675084937
61204733 930985326
850962872 896213294
197476077 683213380
645045035 885187034
349823448 430063366
369435241 666220725
88523109 597009830
841598668 866886979
117455538 847755064
44053958 891870311
543978013 772663048
928159212 968730498
673449331 922668382
481194270 856354777
531525071 793023898
782370564 966107059
40757895 81597253
360706594 535578295
724814170 842329745
739746191 952007332
234906468 997412155
211589920 800525536
888862206 928712345
638587471 936021105
430690184 436468484
119239970 643570998
826087596 956366355
142169616 401764055
511700711 965079242
667309220 723468430
874315697 894598259
29920333 109366077
247662954 948462329
613394699 724266033
988570038 996872130
319009879 657039544
264039299 918586208
400556561 728575544
464925268 499451584
940254336 963763579
309428410 621259865
87405985 406375950
663110722 847134012
124271861 435741703
347950864 693428260
917066732 971573352
497459840 707994439
456814359 774858743
506058329 954836532
548150743 715827333
483465050 582303773
768168055 840684694
769342454 801046745
132881110 408368787
182747410 720428833
574920896 655637984
718098903 718649106
385895142 410406346
958343468 972881642
102037398 939559929
704642656 712957161
178280169 372734824
888820643 889679696
576392984 624526313
567702524 678264756
651706124 917764136
757313993 980209879
