155 210
1 145 990877445
2 145 273969361
3 145 430682500
4 145 828114305
5 145 478444853
6 145 799066923
145 7 696382231
8 145 454554700
145 9 733516643
145 10 979054701
11 145 172310605
12 145 574734716
145 13 890154971
14 145 3648234
15 145 59476495
16 145 581795418
17 145 981508087
145 18 726011543
145 19 350994404
145 20 77039211
21 145 276128418
145 22 30065801
145 23 113234193
24 145 237431397
145 25 583602696
26 145 492797189
27 145 57695124
28 145 411646662
29 145 525597140
145 30 15125532
31 145 874003883
32 145 170599972
145 33 814024544
145 34 824493945
145 35 106628378
145 36 962772428
145 37 518839321
145 38 308709822
145 39 938994799
145 40 286805671
41 145 749549319
42 145 183153962
43 145 63470385
44 145 851330992
45 145 207105323
145 46 40607189
145 47 992719004
48 145 304445683
145 49 713193802
50 145 677369616
145 51 837784757
52 145 508300249
145 53 590100027
54 145 662778184
55 145 116811492
145 56 603618497
145 57 521511500
145 58 857619739
145 59 568250220
145 60 797882179
145 61 478342762
62 145 542833135
63 145 309203581
145 64 509012736
65 145 272902110
66 145 892915141
67 145 480351584
145 68 125175245
69 145 558082759
145 70 430784439
71 145 343741242
72 145 600850720
145 73 746870977
74 145 124083440
75 145 53318137
145 76 864093409
145 77 984212717
145 78 433504235
79 145 772188861
80 145 411506024
81 145 453757035
145 82 651554495
145 83 856996263
84 145 624532595
145 85 854269583
145 86 647792560
145 87 407555379
145 88 64167145
145 89 124102283
145 90 873550375
145 91 522153215
145 92 394285413
93 145 40706626
94 145 983621453
145 95 487216573
96 145 198794569
145 97 816864596
98 145 620675090
99 145 112898527
100 145 642733530
101 145 739815339
145 102 29526562
145 103 625837931
104 145 204831817
105 145 5172158
145 106 517423347
145 107 640688697
145 108 689346525
145 109 94222779
110 145 195644018
145 111 332150955
112 145 191153979
145 113 581417228
114 145 927994932
115 145 728824981
116 145 248924019
145 117 897827423
145 118 510831031
119 145 816343581
120 145 915806757
121 145 839770046
122 145 776882973
145 123 301141342
145 124 826409066
125 145 346553265
126 145 927194340
127 145 675014844
128 145 719260736
129 145 186375038
145 130 401253359
145 131 975935862
132 145 651386770
145 133 778144750
145 134 521695656
135 145 62160692
136 145 595502296
145 137 806252882
138 145 789225236
145 139 561353143
140 145 674185641
141 145 279399263
142 145 541625223
143 145 630553993
144 145 618579231
145 146 757254142
145 147 901143879
145 148 379474863
149 145 987443162
150 145 305320162
151 145 957122752
145 152 606093322
153 145 193479549
154 145 672846767
145 155 430476528
1400764 512904841
614066474 949755388
198973384 989718208
624256618 838740132
611167712 746195369
51642618 832984122
357194199 701741944
426864553 847496930
624629722 951945134
763724894 934485529
828567261 877014006
252428541 985903600
130773185 524638365
978309503 993250404
640801457 985740654
473398195 558092804
341489365 482127068
616217844 716664437
856340682 970629017
164648549 371664457
123591286 897042521
772442318 972134129
486985844 595344367
605864096 841777271
727072611 967009333
222501112 287281461
150817744 660769969
617138850 692972371
896623327 989654191
313532759 942314228
693858430 879680396
277444290 588774975
909639505 980793588
772335905 839150940
917172477 985999077
724512324 781894614
71384814 208741547
606439963 901972609
760549717 941573242
183001017 438123308
379578159 549250569
797252080 986927829
645180185 664669347
171671262 679898921
894689319 980910789
395391589 982756513
72846637 869900766
80500792 949798332
609181753 907483994
476926651 496170967
71626363 380188655
264640530 365614809
932219809 945022292
389340173 538766478
663194337 807642794
286399416 911742747
923490509 984404225
937742060 975105184
361224158 719765637
751475465 925299477
733813981 779664423
619135290 848340485
892209341 947328800
632330509 857719577
280181471 972253448
176325410 735247149
751437301 982778305
966365779 986714368
556105056 680692926
984997099 990935371
540267070 714345865
945859958 983793933
173103532 744155769
460308917 628435756
160218870 956635579
281197485 321148740
167343308 917605960
40605053 476898360
49048398 390144670
633072511 738284366
111157444 536687987
773230675 813772535
769018560 828458062
683767379 966947521
279309219 895990670
711661760 805630500
199723589 388543932
788780585 917865457
629140201 743514688
4545263 468223327
586176658 696615750
301051547 612412703
588424064 767551698
665346436 725450205
681572817 807241239
69571263 286824527
246833716 931277339
90095858 422442787
908341294 934785249
786692557 976047947
74263811 755959665
517592434 980421963
220499754 410872198
169524597 258157241
533730953 651542028
267060501 462294152
794479510 866967761
212473462 320823460
593051977 708015653
847338709 881325757
839759379 932289260
227007127 761822629
194772578 658167850
560860638 897277315
522312068 684269291
416762876 508737728
660753313 978718825
732066569 825191796
635929631 859552566
739085705 796324121
640652097 747570317
434788972 731662259
607630208 774595935
819647129 890041639
583222700 824714649
201969578 810726326
223946821 245935939
402446139 452724474
959618083 974579852
727810848 799590263
62285750 974097720
954800809 972423887
518421506 713318394
31160259 913799554
5962718 707738338
916579252 950824832
942014687 943179255
352281404 586500788
844755651 910778995
718381100 736387391
122556144 434578448
164166521 910049543
1687345 638860097
387626034 618926055
593170935 984854973
661072321 905652773
298777905 469525887
871144157 905836710
831481665 840505180
744957498 987842494
708637265 940474678
312729198 383674665
132466218 730337517
172516908 638902297
57866734 515391554
318951757 811127944
37679242 788742300
570454060 848296161
484323399 576520155
103838782 400666763
72933231 526166102
862562145 907257922
380082794 941105138
954090096 968481851
24528601 587137171
367518496 601674875
441903919 726997457
993148828 994083256
39984249 46208089
179950176 187284826
659410404 773829261
395484592 875330276
83505442 944037982
903592124 930001659
623704713 889368025
512894862 789813981
795812327 826154083
101950284 407685518
437626865 591913609
762320859 887428681
753505289 949077303
653416443 861715677
298009216 684413288
790296828 995741516
464205567 621259395
973736664 974174908
246955149 602328035
167400593 350170162
821697928 822099842
174422800 993563581
517540237 630015736
15135875 822904780
357584907 439893986
442587904 579429186
377459500 929958778
180838147 936360526
897718341 958135606
269957359 939404170
265173271 532848033
672776562 870799959
829200659 865219700
673386489 866647616
973432206 988594771
365277845 537475552
698933818 777200116
725286709 875284324
846076944 901843411
210104359 882803167
614474668 664585458
232771458 939676283
