875 959
1 54 48116446
54 2 92843226
3 54 478994030
4 54 305742495
54 5 976307930
6 54 237867585
54 7 358388944
8 54 994931512
54 9 355828290
54 10 908160479
11 54 268092619
54 12 977351445
54 13 973004256
54 14 462474217
15 54 947028122
16 54 555007498
54 17 191321944
54 18 884943294
54 19 820847564
20 54 348090714
21 54 214324961
22 54 499624703
23 54 188837037
54 24 691329756
25 54 647781511
54 26 151261127
27 54 754890701
54 28 232906470
29 54 580766544
54 30 501153825
31 54 593724057
54 32 189448208
33 54 521973968
54 34 703263203
54 35 413731999
54 36 474207040
37 54 752826883
54 38 594159791
39 54 771677406
54 40 241025609
41 54 977078584
42 54 520684815
54 43 758112214
44 54 48623686
45 54 853586031
46 54 306308708
54 47 188318592
48 54 149680426
49 54 575015562
50 54 592789070
51 54 463221881
52 54 501799886
54 53 743570091
54 55 989078812
56 54 995844192
57 54 806988684
58 54 684881984
59 54 254060968
54 60 841568160
54 61 701119688
62 54 474134583
54 63 832116105
64 54 270845125
54 65 154772744
66 54 89408946
54 67 92549122
68 54 955370227
69 54 732815133
70 54 593602482
54 71 213698082
54 72 838422507
73 54 327739312
74 54 539339167
75 54 101064281
54 76 111216055
54 77 649753843
54 78 395201465
54 79 769325101
54 80 33190972
54 81 900703382
54 82 888086618
83 54 814716254
54 84 782048641
85 54 526898293
54 86 747302726
87 54 43303909
54 88 527852106
89 54 846632364
54 90 568708673
54 91 648125664
92 54 770983047
93 54 322658780
94 54 448554384
54 95 229205321
96 54 552854803
54 97 368462806
98 54 864083442
99 54 462002946
54 100 991677928
54 101 554560602
54 102 407518477
103 54 478435960
104 54 602234009
54 105 210539322
54 106 837054874
107 54 620983153
108 54 637841873
54 109 786206232
110 54 824892570
54 111 64041389
54 112 777380557
113 54 296477232
54 114 277876979
54 115 251608719
116 54 252891765
117 54 851577814
118 54 179814564
54 119 842529280
54 120 579303843
121 54 700053649
54 122 380843929
54 123 9762975
124 54 509940094
54 125 964625771
54 126 286159305
127 54 948140867
128 54 580300089
129 54 134739724
130 54 290411077
54 131 511464419
132 54 679258628
133 54 479568078
54 134 99671459
135 54 581239581
136 54 118016094
137 54 521686397
54 138 249941297
139 54 597653935
54 140 915064581
54 141 164592298
54 142 562584820
143 54 685549064
54 144 548106246
145 54 606111646
146 54 476776809
147 54 412307103
54 148 838395670
54 149 510805635
150 54 888101125
54 151 273184611
54 152 249974027
54 153 548295491
154 54 437528946
54 155 69088242
156 54 313506270
54 157 21664049
54 158 52355939
159 54 247721998
54 160 861396065
161 54 204955810
54 162 617678748
163 54 850480421
164 54 619058034
54 165 719829845
166 54 156106360
167 54 459747021
54 168 384909075
169 54 486099671
54 170 925503021
171 54 919124637
172 54 178444066
173 54 931882780
54 174 264535101
54 175 786381607
54 176 908959169
54 177 892802200
178 54 843852744
179 54 202633996
54 180 838761619
181 54 16625680
182 54 309050277
54 183 48361781
54 184 471216447
185 54 379331060
54 186 825671820
187 54 292969350
188 54 618596388
189 54 131754998
190 54 331966688
191 54 641688199
54 192 45094345
193 54 504411198
194 54 674883248
195 54 620900082
196 54 340878199
54 197 575431920
54 198 403573588
54 199 479443791
54 200 879709278
201 54 767898019
202 54 161893156
203 54 925334817
54 204 475541370
205 54 572449898
206 54 401665540
207 54 842006741
54 208 890432829
54 209 849297608
210 54 600336635
211 54 697356127
54 212 322081483
54 213 940590964
54 214 511197343
215 54 473605402
216 54 272154335
217 54 571628954
54 218 799042769
219 54 292417255
220 54 345115885
54 221 196413638
54 222 693413094
54 223 418105562
54 224 570917880
54 225 887570531
226 54 899702271
54 227 730610855
54 228 396970485
229 54 185064276
54 230 147402481
54 231 303547807
232 54 299216945
54 233 890004095
234 54 365764325
54 235 95445405
236 54 26834836
54 237 693078634
54 238 120344942
239 54 349374893
240 54 280615180
241 54 636467068
242 54 954488602
243 54 738309771
54 244 809039554
54 245 405965868
54 246 805767344
247 54 628358
54 248 561134552
249 54 108915297
54 250 965956461
251 54 183520115
252 54 331763144
54 253 878287183
254 54 46710269
54 255 989597243
256 54 468344190
257 54 783051695
54 258 489242564
54 259 792955117
260 54 920768348
261 54 40645073
54 262 301578143
263 54 648352894
54 264 912069066
265 54 355206746
266 54 483493039
54 267 60066350
54 268 947400770
54 269 618191777
54 270 101378958
271 54 633062059
54 272 318738939
273 54 855629330
54 274 546303345
54 275 432389030
54 276 493030169
54 277 733788984
54 278 788630771
279 54 851345524
280 54 110700341
281 54 845103860
282 54 974027597
283 54 468168929
284 54 916417424
285 54 563717217
286 54 27690214
287 54 283458311
54 288 36283597
54 289 781029830
54 290 306143428
291 54 427726321
292 54 391122304
293 54 482233398
54 294 186363190
54 295 133735302
54 296 99984635
297 54 116435198
54 298 88488996
54 299 869631333
54 300 162034668
54 301 143484796
54 302 244997012
54 303 188937136
304 54 199424117
54 305 443701101
306 54 8589672
307 54 689826848
308 54 340472145
309 54 593217572
54 310 490352615
54 311 738958215
312 54 533845168
313 54 925703914
54 314 350602643
315 54 114150234
316 54 856098354
54 317 372479084
54 318 630480865
54 319 33986919
320 54 415443343
54 321 14276790
54 322 520622880
323 54 874782717
54 324 393495828
54 325 560092448
54 326 912069058
327 54 732780134
328 54 469629456
329 54 396083597
330 54 152785069
331 54 352255273
54 332 635228501
54 333 714204500
334 54 449490477
54 335 232441895
54 336 222721039
54 337 49325793
338 54 668238630
339 54 504870885
54 340 682677178
341 54 114868816
342 54 369764982
54 343 93854520
344 54 119222654
54 345 538433826
54 346 994754983
347 54 42647429
54 348 639337649
349 54 152108144
54 350 182210364
54 351 838021602
54 352 319640701
54 353 628496553
54 354 390872572
54 355 606221092
54 356 208840129
54 357 606801394
358 54 330320683
359 54 550254309
360 54 756538067
54 361 895994569
362 54 268413359
54 363 713217056
54 364 890306459
54 365 848396157
366 54 974685580
367 54 20701151
368 54 327040497
369 54 137355199
370 54 828137135
371 54 782773166
372 54 951833119
54 373 183326467
374 54 881978136
375 54 141950950
376 54 67532462
377 54 935728665
378 54 622146609
379 54 73374434
54 380 597283458
54 381 504114777
382 54 575369740
54 383 972770227
54 384 448020811
54 385 978017757
386 54 515127581
54 387 661145257
388 54 865625290
389 54 58549708
390 54 910383195
54 391 839931667
392 54 510455388
393 54 953862493
54 394 82829937
395 54 584707145
396 54 902131760
397 54 559954116
398 54 130983343
399 54 883244650
54 400 850629233
54 401 554240534
54 402 634349232
403 54 577390386
404 54 523476213
54 405 438058953
406 54 667989545
407 54 985225874
408 54 464971069
409 54 430728755
54 410 399841170
411 54 781571963
54 412 798700961
54 413 244194065
54 414 58288068
54 415 362109099
54 416 534288260
54 417 15711753
418 54 547626585
54 419 729259814
54 420 946142182
54 421 429117475
422 54 995627517
423 54 209702311
54 424 155815396
425 54 484277451
54 426 952250283
54 427 780427770
428 54 316413258
429 54 710666144
54 430 449189663
54 431 524010412
54 432 538860131
433 54 203932802
54 434 914772211
54 435 882071780
436 54 466206805
54 437 920682238
438 54 961238053
439 54 284460734
54 440 919347586
441 54 187922975
442 54 998690660
54 443 371930626
444 54 346596051
445 54 309853849
54 446 140709617
54 447 894406889
448 54 647607819
54 449 333032629
54 450 957730700
54 451 683684928
54 452 602142012
453 54 992909511
54 454 85557417
54 455 354225520
456 54 550449763
54 457 334490157
458 54 446901805
54 459 678098634
54 460 360523927
461 54 651814443
54 462 587266385
463 54 297612357
464 54 631403683
54 465 287003970
466 54 880723378
467 54 292857063
468 54 247338351
469 54 547568131
54 470 983091498
54 471 867885652
54 472 949566188
473 54 702177343
474 54 809151479
54 475 385884686
54 476 579195452
54 477 442399345
54 478 618252446
54 479 774924088
54 480 995679103
481 54 25810915
482 54 915457462
483 54 331241609
54 484 149691246
485 54 926175886
54 486 906938608
54 487 529696950
488 54 996824056
489 54 238173344
490 54 116979760
54 491 1195426
492 54 638449108
493 54 230903220
494 54 988260867
495 54 168984902
54 496 142111482
497 54 577300187
498 54 929676193
499 54 588705007
500 54 968391377
501 54 963499912
54 502 350019364
54 503 955728052
504 54 425456257
54 505 633578576
506 54 493860881
54 507 310609710
508 54 107498591
54 509 383840080
510 54 929563832
54 511 668889563
54 512 876415695
54 513 109981108
514 54 631709248
54 515 760813432
516 54 449089096
54 517 804264615
518 54 957272494
519 54 984369472
54 520 646695294
521 54 81014334
522 54 669621812
54 523 390842112
54 524 780099779
525 54 851870760
54 526 300678769
527 54 649678528
54 528 591129394
54 529 911492032
54 530 170459409
531 54 404776653
532 54 329891032
54 533 793465914
54 534 222227612
54 535 854570112
54 536 105125417
54 537 957443296
54 538 875368091
539 54 728157676
540 54 849696750
541 54 74107388
542 54 476725348
543 54 924842398
54 544 976873311
54 545 75911537
546 54 195092651
547 54 30485288
548 54 709022246
54 549 314273571
550 54 380724334
54 551 630723949
54 552 551815492
54 553 169740438
54 554 559527758
54 555 645279333
556 54 966715895
54 557 302114564
558 54 859279066
559 54 821580294
560 54 513297086
54 561 511071969
562 54 273976850
54 563 498241398
54 564 561669400
565 54 380893425
54 566 550381502
567 54 236259821
568 54 730307734
569 54 29433167
570 54 721626681
571 54 742256125
54 572 496520682
54 573 807138377
574 54 16171690
54 575 75830555
576 54 326686119
577 54 854116073
54 578 115343198
54 579 953297882
54 580 547288341
581 54 690736670
54 582 803307664
54 583 113234408
54 584 304392910
585 54 745306628
54 586 112184420
587 54 412657074
588 54 342062986
589 54 721414293
54 590 786058705
54 591 585486584
592 54 106866619
54 593 440361908
54 594 266896325
54 595 659009815
596 54 636713739
54 597 904487746
598 54 311831808
599 54 292341183
54 600 79791370
601 54 200276051
602 54 602253330
54 603 490454663
604 54 916574088
54 605 228581278
54 606 133445481
607 54 6894442
54 608 971649735
54 609 245473690
54 610 841714962
54 611 180051090
54 612 560695904
613 54 578261385
54 614 774560820
615 54 345727150
616 54 414631394
54 617 283657490
54 618 547161783
54 619 447824222
620 54 235331063
621 54 28226540
54 622 78265680
54 623 335630622
54 624 313716525
625 54 454237628
54 626 506428837
627 54 929428211
54 628 187943968
629 54 354782503
630 54 416822173
54 631 882501252
632 54 369782165
54 633 498014243
634 54 727664967
54 635 564099546
636 54 412755904
54 637 454062160
638 54 538583998
54 639 484376801
640 54 544891750
641 54 302392093
642 54 559313073
54 643 81404830
54 644 567970182
54 645 232834254
54 646 738780311
647 54 667536449
648 54 486863824
649 54 522345312
54 650 792094073
54 651 429814040
54 652 916514902
653 54 795903113
54 654 91702521
655 54 358504816
656 54 362582898
54 657 630370149
658 54 633897589
659 54 850817928
54 660 304425472
661 54 655256838
662 54 457725684
663 54 890125106
664 54 142755986
665 54 745688148
666 54 914953537
667 54 525421879
668 54 70694295
54 669 25587519
670 54 269013548
671 54 588626268
54 672 166266834
673 54 823025262
674 54 245800436
54 675 86777966
676 54 681253441
677 54 202175868
54 678 588438817
679 54 495050703
680 54 596924697
54 681 731573889
682 54 682477908
54 683 579420036
54 684 304071297
54 685 80779447
54 686 948826664
54 687 999692825
54 688 942241003
689 54 353221802
690 54 495480033
691 54 648010593
54 692 341153152
54 693 849129740
694 54 21543464
695 54 82102111
696 54 456194359
697 54 204553878
698 54 990832969
699 54 59586685
700 54 155042411
54 701 529979763
702 54 99388298
703 54 241225145
54 704 483383657
705 54 837588992
54 706 29617044
54 707 840273033
54 708 839185428
709 54 208969027
710 54 644250778
54 711 488411005
712 54 400475892
54 713 268812085
714 54 265303727
54 715 499602097
54 716 263351297
54 717 453143522
718 54 956081383
54 719 278234127
54 720 904417478
54 721 519792705
722 54 295862424
54 723 218344824
724 54 605851214
725 54 417953444
54 726 977716443
54 727 165855092
728 54 211507470
54 729 915075512
54 730 886802947
731 54 701605626
54 732 590725797
733 54 831365538
734 54 71493617
54 735 539907520
736 54 339486811
737 54 255658396
54 738 686162121
739 54 156772982
54 740 949282070
741 54 429073032
54 742 237441345
743 54 751386256
744 54 12215421
745 54 338576078
746 54 985581661
54 747 355367320
54 748 531383789
54 749 576563733
750 54 651394822
751 54 93184295
54 752 179908300
753 54 254153478
54 754 4178054
54 755 466332605
756 54 575189309
757 54 915973836
758 54 333383201
54 759 220542490
54 760 681729006
54 761 809900563
762 54 853486407
54 763 662148810
54 764 594287891
765 54 612210160
54 766 55065387
54 767 443623552
768 54 895240272
769 54 272736268
770 54 339867857
771 54 143978721
772 54 804828625
54 773 196743067
54 774 234826296
54 775 159467641
776 54 191361038
54 777 736813624
778 54 235623635
779 54 321171185
54 780 983808000
54 781 509997993
782 54 658569200
783 54 161636614
784 54 924932016
785 54 353786145
786 54 327009389
54 787 19108712
788 54 187201710
789 54 552600132
790 54 141565203
54 791 169950484
54 792 75044905
793 54 387641416
794 54 334534647
795 54 789430622
54 796 873576190
54 797 105151239
54 798 96011986
54 799 844722383
54 800 136002015
801 54 246243265
802 54 752376998
803 54 84127605
54 804 341738210
54 805 966599851
806 54 586944034
54 807 811979951
54 808 745269141
809 54 602780659
810 54 817518473
811 54 493990432
812 54 493274515
813 54 8905439
814 54 964932224
815 54 47064248
54 816 108038865
817 54 370599885
54 818 102847391
819 54 44014074
820 54 265508463
821 54 448081293
54 822 32495823
823 54 918209420
824 54 542569261
825 54 94746632
54 826 461728523
827 54 306376605
828 54 921431456
829 54 533086772
54 830 554758389
831 54 988913556
54 832 178494042
54 833 815635088
54 834 564739844
835 54 996000149
54 836 503827788
837 54 818226802
54 838 65599992
54 839 545317775
54 840 171334389
54 841 263565193
54 842 786735992
54 843 421532086
54 844 561142729
845 54 373500509
846 54 917245135
847 54 806382161
848 54 69902534
54 849 991563889
54 850 598154776
54 851 527511475
852 54 567993154
54 853 138955519
854 54 352771898
855 54 333379019
54 856 954955695
54 857 638482352
54 858 852183784
859 54 637137366
860 54 622038523
54 861 416684259
54 862 575145298
54 863 79544192
54 864 722332416
865 54 60570445
866 54 229467721
867 54 964153673
868 54 728089176
54 869 701920120
870 54 521071011
54 871 841749184
872 54 181188330
873 54 731854760
54 874 518879657
54 875 748990586
24265517 622679452
817930938 946439824
874288277 925364518
305868474 626576916
137292472 486455118
722195101 839172137
375492645 566017162
776302157 836859287
41009782 894707572
529907352 769332688
321068279 702288573
96236051 461366681
452409020 882797965
940995142 989642107
666671213 974183501
653180438 673187521
790704218 847707405
439555107 904322757
4295941 473233909
142150947 754011304
709436723 993785314
820425603 940665925
501280516 546544899
260623395 650831948
162451984 942043979
395618611 872580769
56310451 86949871
657550934 998741420
872395450 926836981
53379330 943419232
621706481 837809278
135861193 924727592
703372656 785653682
395627722 933111266
188996003 465362051
273897912 752852397
10037868 167143444
976121493 976389168
688911399 794112426
729677775 956857698
911050453 985890645
291866021 796578073
928234053 931937986
808278100 968212712
856054521 993160956
952528056 993544493
824399527 973282988
998277974 998495268
645417525 951630272
312633914 739263512
118883346 600298307
892758201 912974979
480755396 875107329
47728790 180942779
419846685 975725647
532941343 650491597
808255930 965673558
74108272 669131322
255703972 764211753
522792111 759299250
877634786 943132324
244809362 875703901
716428304 854935737
817804534 868802124
492397191 792464712
93016373 470186636
59641988 86430062
883260759 901653773
10137560 55539493
217711460 727223806
997548561 999712415
103161983 339896999
6427939 541486548
829112403 923091201
433724977 914681813
61642574 286820374
341790841 842879965
437835345 979178902
370377610 736312856
762582465 913380996
592495455 752817787
551344312 852222896
745857795 785999956
771092034 973618536
320398058 416939519
933672349 960562098
272288195 561102748
729583879 900030040
239032639 949108590
38106428 663175989
593471030 704483145
149322653 361882727
378448019 667059129
95324589 735245034
634133672 872546444
244576589 671723683
82995508 670613738
462432396 978344518
978803438 983498539
14447623 112249411
468975535 981098689
179539744 726230298
446701813 565194932
191595086 633181572
495705466 706990661
217824668 730774358
176959461 486027918
951340250 989002257
567095838 808623307
772638839 802375027
88512928 248957797
227118029 340376008
972849067 998104475
810599948 868105637
402125336 796541913
922710602 990775960
204852105 929751425
2576919 944965874
422677809 864754776
895061005 979465420
465740710 834416779
850133819 961928300
974452759 993642777
539846059 793734544
927016470 961037021
860913202 886872137
854441625 976955110
921276425 939659277
928400716 952407590
561059858 858593259
278512511 284400311
866432081 957969300
676291303 811784708
601465605 949629706
626782745 635985924
304484760 602666554
635368884 877939640
111711023 577614581
937700633 978168424
369989325 930054379
222920363 486145415
360147269 719881721
174894349 198412450
747767220 909479916
757752532 861427886
990214367 995335287
182584426 646585396
111904937 164415894
805143869 849444379
731490786 737695130
967778653 982905516
633776564 715180231
923634767 986785275
507938588 723047137
45087675 484530318
493193715 926803493
681941745 827487700
736039867 762296219
863391107 928647665
370413231 410192640
540070238 709675092
862437358 910234474
480628830 603213384
601709987 881383270
448098128 523166480
536567942 701230564
971707506 971985963
325944551 656973066
949925133 979958185
183362782 787164749
276955937 522259342
340346608 881608018
376484134 905762056
462019320 573210690
823520453 855564427
701215990 891689542
114104479 577399813
852054990 924435651
700212815 886121384
369467459 629312930
434156222 748263816
80270149 413921740
270672954 672351849
322350155 951556044
142177563 286212613
985747519 995806523
543071581 544477447
218758533 955683976
982747851 999727760
791869071 861545415
267717270 797082014
338504464 901877197
552375816 622530990
617032540 736023473
592247359 933709110
767970685 982746222
650535443 863267444
654910898 879310778
969087251 996230252
334388353 745263134
678986073 827529115
525115987 880467545
624725617 633910935
793690905 992146224
371075555 835632132
765818671 772096023
637025083 657930908
484392304 922152317
286807500 544851236
274209645 594713793
996534309 999841118
511352694 971246805
537500746 541027507
522119481 889655910
32359034 180370102
695560308 977889720
912917842 951170586
996649098 999310706
665502225 848453137
298979903 587519733
456102063 902609559
246335429 630699770
710504411 905882001
496656922 711201083
842922525 993585094
191155514 630688259
529970066 658117190
411281620 887605574
538109394 855022821
816017187 939676995
179538893 560101483
908449443 949506729
873516238 899232276
466114578 491492607
894963555 990114187
309506328 919944951
955206336 973026448
566190377 678871575
763596150 917760874
243007568 922941208
112860217 267108119
147964245 356908275
462478631 767074335
504652930 561410561
385983136 690962280
18330290 452775641
682709943 891298947
602312795 886700015
676887422 996041156
791229759 828658073
90612582 839439981
588941336 741765167
340179502 921384467
68779659 139049360
181784928 324752905
350884865 391133057
131834782 629380037
896531352 973264104
331753187 928812951
430549465 702540834
800626759 990128245
365845767 723081409
630805587 682494038
402505959 984068664
58441714 899217772
892501719 898133900
140525521 463172133
664003157 735117925
992361995 999367036
910865429 975454324
232375842 690129282
186350034 918762446
561171739 897120387
550842926 610211285
281409260 805763483
589149674 975953025
925072834 933816264
777337374 942342876
940439316 966351336
962732402 987512735
378446251 682578112
976997972 993351204
587862956 662678554
296438157 738353971
803137597 876119159
519484442 882278716
815025826 951382188
665907004 700507719
192786533 313337608
554980263 721386526
672949017 684258582
823968308 863160264
181457556 742760649
739366698 767938919
610058456 859862817
154066630 707544833
835576864 910713164
334761387 821789863
520658321 692012937
64404459 966648562
892105008 910419643
911862326 993726537
400836642 663599621
32345601 58619176
786212775 911790588
294782227 562909338
679428153 989799995
24608730 152055290
833591215 896126335
713885965 857891186
345064209 358006538
840768266 963962070
873422701 977218366
698267738 858273719
344139124 838929998
663721501 780907788
702519720 950552422
286286160 962563639
193894801 679516643
998273866 998738220
515722647 911532739
362056776 603897397
652454186 761708815
290161754 528007150
156348912 156527469
93671839 258746167
336492024 820290457
835995874 897373220
847075323 858317724
156736140 673818026
276174721 838903417
871310972 906140171
124056996 535893429
906575446 986488059
747256609 907989300
16089638 642708616
526041049 935138210
132207300 743388971
371812448 874857481
764789517 975421494
96725233 857332554
276914542 733964235
972236099 975106535
81438389 570805490
852713807 990202056
991119609 998150160
143629242 615273524
375090708 649022911
638472329 885254508
139265894 162309346
28638271 566866594
888394118 919336607
787735258 894687638
958170146 992913684
621084276 631319947
901715866 990250792
621151622 782810453
264912425 724084920
740273212 904077856
988767003 989977570
588520537 669478514
578232325 931714100
900485591 964764048
94743469 770590870
539698869 933589439
63703910 315359758
934639157 967085887
623088591 916617897
202134179 525181859
806403175 864463478
520421821 550462923
121018009 728678863
458677928 676657699
580168003 744491406
830782740 911357065
392108400 848759021
54871274 949300482
98858058 289132711
374114989 705699361
928691527 970321298
290813201 570690500
181720860 837985833
372635608 471244159
574655449 683839421
880820465 909742712
668253093 858355659
915798901 944926850
788372982 923809779
686118256 798135790
814030963 978172768
540434144 566959209
190070194 485207561
893929267 918232973
554936382 949252516
995272288 996473136
217658543 797590665
463568503 631125971
432304493 785524917
832600222 896386752
333618680 526179263
940910942 968003820
592716014 770431937
628656792 867062332
807543588 974191765
898851242 934605180
302202014 623545731
903471021 984795551
143023746 307003163
933216653 941636844
706181784 873073403
157824895 871746574
988622605 992875801
717649982 898585832
863401035 864762074
610988725 965946304
773101279 917075005
372663062 557787078
790739884 807539378
761009693 817714762
305507751 755614952
631059550 892337549
227978451 838170502
271417581 998452256
112819144 687780790
652413488 741794185
367070691 710949461
121624688 315048509
315421032 826144917
140657150 790953323
583970221 889754588
122911450 676684715
926719764 937667484
134276150 488873717
356602038 629823224
246813825 448339936
588156541 712980693
887104722 966079565
840884231 967830796
507628342 822972225
319482596 936989272
425249056 864070524
496760257 818846226
716783170 843366431
95505207 975536189
530082109 758298954
62423273 172141841
36843793 584109273
455610258 827209003
81409356 275120332
946737074 982284565
333479254 422805052
474545535 755465661
890373218 927338325
699642024 968087400
42190033 788608156
548429034 958013681
630821113 665212236
32990964 947684369
809263621 943398866
418007510 572251977
512015358 831736716
333166105 502290630
257294992 439640970
775819790 972214467
246314675 446815256
454078738 994567354
972955123 999431375
975598417 991718225
117082165 800443024
910431960 930598716
220898748 334731809
58802718 128006813
663571716 780588014
591286956 737763275
915931647 957483477
908489373 934675970
415963153 742131924
177651451 383487472
226991761 378600260
82005677 509550636
301079184 990003117
100098537 345866985
929241919 939929738
508925625 580519921
935687552 943316055
795898285 942703461
51476317 444499016
310931366 350383076
285789706 803863470
732946450 953331598
848511703 889430239
31427440 213352857
551482432 853167415
31687827 961851290
909976683 997533236
69240246 81567557
933062394 952575042
370287324 722336750
888247061 901276077
18728913 245103825
644653651 790460732
594674759 638388269
10654078 599533564
686463992 764313279
802978591 804027077
773113617 904304445
361171024 607502290
244474899 919721886
953502134 992044811
85557202 188867685
450029246 483156932
449718699 692554354
230182333 796380810
633285936 710176880
762778153 899131957
93228721 104277948
541052108 918698892
503949701 609731056
327394784 846582344
302670051 605866815
377749949 787052703
526473927 597314132
294689157 783517403
578594031 740246756
814989264 904164793
426190119 855184081
133720455 328759108
701064315 860972011
763050625 878446522
272706124 717898785
901753705 959287968
295691389 813743909
788359356 949224057
243217916 470337061
458704035 914674501
826168235 937305048
284387034 722625941
797128670 800553608
395281665 884719246
925744670 944779907
791812901 814763765
453587338 496146829
773259569 926792964
200030418 773020668
685611191 864229116
400641120 868482838
920741431 968706159
385210827 873773045
81600699 678543833
998645326 999021561
648783234 919352143
933902570 964476991
545932257 729017993
779730475 780216701
229616043 531708766
670133312 970149717
246685377 287686628
361930647 462812176
39940505 782422351
362802540 819045013
973777624 989983952
402630735 738882946
561671312 851361328
195901520 778900383
480146982 761037925
435119973 820692147
782709794 785503108
890580355 942970063
426531002 685741031
244530668 910964739
509802331 631199141
968138212 992792366
643229856 823307355
81504764 797489008
552447883 574961651
743656391 962714283
630719476 844940823
756684352 904831918
483332482 593643088
730900880 973129827
499561989 648112371
966154080 994608289
673136041 973358498
959072704 992044271
17242571 215168169
208833600 228487266
935783818 947707749
503311658 540066462
135173724 954874682
114052213 760118754
539291128 881817878
689286459 959156250
662825890 868468929
416707711 443690485
652698670 997750317
172022923 639754144
236817415 833673610
410956391 471218367
390006501 813312548
598936013 619551741
894424431 911737359
952630114 958882389
881499303 934243721
390907676 629590341
324570975 340335561
741630228 767810696
503344919 866729929
917856814 999307490
581632087 777443781
677467864 997307708
848361478 873818369
560687272 946211665
845043820 853221932
575121789 664938481
929269045 951831096
609805337 672210369
340606596 691373207
228523958 497768860
681375140 881633187
675098186 761945012
856265241 872181171
618790721 692231124
342203853 699793305
949375658 953156339
397361719 899582581
542310479 984278423
705307104 814754952
776328238 903883133
749815526 788197966
325399373 413162274
695246708 862089145
188603543 904233827
912469710 989013446
509738844 844283142
646084230 651680327
882929303 926610813
445290509 801239522
26432123 285469043
716126675 857103775
398465261 531392142
486347702 657761831
28673741 301039094
940764419 942207766
671886045 883689928
475129777 857515023
162452905 178590159
961807916 982357337
748364807 819078375
431417081 695824337
639562196 905905829
271535295 602787503
359493421 807340513
995876133 997000801
472120354 796008969
825735597 854840901
66788449 314857380
854309103 896075141
919318635 930708451
316548314 732794093
193590022 892581054
411240449 445137363
373235846 385588715
712522027 759453531
590350806 690168460
847450238 965810108
163506868 295423555
640407814 798701985
421739512 621422410
180946623 233848948
571994457 789663299
223989620 730987564
7807750 460952201
976728800 997058700
120180072 698801691
527919800 585710258
857439335 863416536
656213650 878658211
497413441 521041436
189475366 662637018
487500910 640308557
62585257 349475380
224797046 609254224
798549241 943845958
920381921 966489644
600624081 856147477
620436402 733825499
799770919 955305103
74768053 115377274
130116734 970594876
998873774 999405491
19345599 41372020
241357098 889185624
369879305 412702007
357545151 814135437
513096906 952288778
941091614 967802391
946426196 983375110
935316353 943619106
493934413 495265790
366181003 994851903
315767197 891112475
616945892 750188298
127926194 534799167
565458646 609004449
163636720 756261796
121310666 744928014
968356307 994746056
457387578 871353191
10507959 232788644
71565874 915216840
589394294 965405572
210604277 429834230
22899150 146273563
698702671 902108458
157177610 764339653
283902590 325209577
229704282 558149630
559482271 821840017
368741253 985942583
252079203 528516857
525943793 846745125
948037777 974561314
453960742 847793591
440080178 467226040
848383264 899545587
350850157 579577577
262681081 277745832
752353573 870449467
868406490 898078957
478072880 802784712
945994590 957234680
812198525 993900198
160885885 275572851
704488441 852749043
457989231 583102522
649600905 747224913
756934869 995748754
968136605 994722245
180817278 383327754
444559924 642403501
455453896 550509582
90031727 187427332
715556607 778461180
511470002 778205070
411068013 764166196
39953584 250357115
10858534 142384820
666339777 748378945
635773931 793017105
449000918 718877612
365474579 666728255
192910543 377359150
270144853 730213601
656098984 770564705
57417043 142006979
856924612 949910882
556455979 837276489
845773722 980711238
527904986 575811027
701573667 872637209
579398784 905120737
65607694 388615257
414372235 617886668
794946598 848553726
981115645 987801057
609096841 706056522
104053372 584417366
455844315 966752049
223489685 705524659
785980811 815955338
150328782 448787784
340210069 393666710
636117982 754502930
455162847 786142571
530332058 620794283
207448525 690175093
612700905 920042251
637592222 715608015
408189983 544927287
547781484 607359032
876116573 976585940
637564285 875182618
85536077 922590076
995319490 999068319
85583866 206679090
119291321 142385006
695903196 903859742
411982529 769203362
290815775 520658880
418072340 588927789
449494198 680179211
970778010 984253780
180176811 392156623
1094151 83196760
464297119 555298356
34164226 684336305
615951499 659197511
635129274 871504838
583261731 685494504
132516999 762551131
738042211 791921020
592297517 687000793
753915110 927981756
274610968 591186137
901305072 943017302
756391272 979347578
929121024 988967216
942921371 981802908
490322440 969237714
572743722 952388099
729120475 736210884
957278302 960479012
102796965 978961733
413988124 913349068
39174092 417954970
266757483 526545659
965723221 991761664
475940867 735781510
991314302 995128071
644225337 959411674
996278051 997031259
992827940 994894095
548454308 769020188
686452804 753181880
490796841 513462430
740804553 840129476
422107751 855309281
550004476 688886406
746885860 758659057
862641293 996427224
48553807 603435680
663964924 670285616
900416182 986002700
582229066 592893184
730519527 746162339
632994858 713229316
218618823 986513444
916874792 998914683
236331478 520766328
764002854 862087507
987877995 997311184
40866101 85828932
750627185 932867100
139121547 161397772
567620714 629077741
282437135 982853858
323599912 388138500
879103612 918866361
469512229 552852536
422824512 827018817
545049036 570385224
948070097 955466738
578518943 987433256
855184342 927512249
925725416 973666727
214635760 249758025
767058378 908611619
709311238 999395239
256802788 753327009
293116854 602123608
947588695 949041876
333802204 524490493
176868558 449639205
312900659 499027024
624172547 739509632
503978765 782024580
311591763 414365841
168649160 225884680
866083503 891077450
22425890 132985866
736874019 984313590
830792055 921019865
152888756 835141076
614862130 785104232
879173306 930259528
319602415 545522289
497662071 729433611
930033321 965998216
205933319 413712080
950746247 978986157
757042663 804730860
776477591 886741156
990949758 998655430
823163004 910476643
421618186 711798006
449986233 846399248
884415758 937137304
820892475 913278509
619425355 711848329
827297861 912072885
169423091 465040580
621528182 840051544
58099825 526637503
760510240 982146337
138175917 639098521
420604153 818357850
736914011 819865394
108242143 380175903
137405461 974535012
721504319 887841561
543826614 978182974
443825918 626016700
619091277 880004689
450380615 666728235
95622386 614631489
86753893 747935903
219758928 544031086
869393352 995645077
77599928 257461817
325609308 965618288
244135675 440368545
637992028 654863233
725529883 848815977
386522541 652542715
733917367 968778627
525948955 766040659
895974761 948683043
894719987 948978645
605860430 618604178
327916626 851400751
15081670 221723115
138480865 746259228
993041060 997948514
826180782 940459187
158270487 219432828
775077966 929548606
391754619 970153700
144730299 536021286
334502587 381539119
440916302 980203632
862937222 922684087
41280159 97085388
313888535 969845187
373259368 384763457
156092648 558376073
824346180 881745230
855856 246168002
392871175 519989711
711764492 774497897
102286612 322955248
716796552 981653826
626559465 959824058
582537458 769762140
601364483 624049742
649293803 932598005
110759048 537125778
333732589 529583076
74366130 964339802
714184057 833513252
112621260 709384521
611825210 993868517
120131730 301646184
248808618 701656187
803602414 904930398
750566375 987534201
194019494 339083120
212702930 546532847
37519413 771551844
215825687 650756061
