357 433
32 291 52954
48 291 31559
182 48 29552
188 182 71715
141 48 17814
197 291 45195
167 32 72153
311 32 66751
347 188 73564
222 291 18191
213 48 82788
250 48 12453
96 141 23229
201 188 72314
22 32 52024
165 197 17777
336 22 45058
168 213 27291
64 336 85429
40 347 92975
231 188 61180
129 40 40845
218 231 34405
324 22 83392
67 250 94502
220 165 10496
238 291 53548
293 231 3001
309 141 83300
348 311 58848
249 64 14294
118 347 50638
194 165 34354
43 165 74170
349 201 73407
329 118 50279
150 222 56381
119 32 60907
240 349 97273
338 194 76458
136 96 7133
157 188 6996
184 141 1023
145 249 32384
252 293 95558
33 197 49332
81 220 32239
142 96 93091
42 338 8853
288 291 90582
4 81 11871
46 336 94862
86 288 85638
137 165 58487
156 150 44166
269 81 51751
208 141 29818
143 348 96049
230 48 35061
256 269 53964
196 129 85304
3 167 44236
117 4 43549
272 309 10262
19 81 45440
37 238 60975
28 324 3334
357 220 47749
95 196 28373
65 117 99916
116 188 28905
178 188 45357
245 22 64985
80 256 86987
332 119 92393
258 48 33964
45 96 73232
34 165 75076
90 150 76339
236 141 23040
308 28 42121
175 95 10644
298 213 24268
206 81 89354
123 65 26801
85 256 40152
287 80 29693
327 291 69969
82 230 76229
39 238 847
356 197 41318
254 117 12846
27 167 56019
265 143 89902
97 43 89233
321 142 6525
283 338 28582
135 332 1266
280 165 95925
204 287 87225
186 196 96419
217 327 45265
183 43 43189
14 145 32096
62 116 9544
248 34 49938
89 194 50464
76 201 78281
50 156 43340
257 194 98331
12 250 43622
209 230 22450
144 217 9507
284 168 86071
99 249 78062
340 291 67516
146 265 75307
242 196 19792
11 197 37868
267 252 38717
353 217 4576
226 242 49737
286 188 47075
223 327 76561
234 50 884
241 117 61177
253 129 21688
130 208 41315
263 19 72864
195 4 11389
260 167 51457
219 217 14874
268 40 91964
198 217 49743
70 338 18492
100 130 4938
210 220 50458
251 42 95360
154 3 86023
313 33 71699
94 144 93811
305 194 55595
59 64 6787
104 94 76624
113 82 83225
101 186 72969
55 117 62555
323 118 92122
181 347 31223
317 182 85234
232 241 3380
44 34 85825
211 257 58412
149 234 20396
176 280 7778
314 308 51835
244 293 65690
300 258 19342
160 64 88254
78 12 84391
237 113 99583
25 100 54170
127 55 10594
54 353 29550
179 349 31004
215 206 8892
69 269 85711
282 252 71598
275 184 86908
57 215 36017
266 209 29296
337 3 18361
35 81 78684
355 146 45378
105 143 62938
41 236 63427
8 175 38964
21 336 66290
207 3 28221
342 150 6646
61 268 21982
322 288 57336
187 143 58895
334 41 96819
20 226 23189
79 280 53282
152 149 54396
29 104 63354
114 215 3602
216 263 42358
193 70 96920
274 357 92239
24 220 218
98 355 21567
229 81 9136
174 99 41056
147 268 94760
58 268 3020
306 135 85380
333 332 93864
60 223 53747
148 313 92430
155 249 63062
132 336 26608
131 43 91898
225 100 81328
346 226 82913
350 95 44734
103 348 61314
289 220 31518
352 223 10733
133 355 76391
339 272 92719
224 32 12832
9 79 11941
302 32 92089
191 283 16285
88 160 21395
304 334 34317
30 29 25844
301 191 842
312 275 63419
325 231 65136
83 304 33280
345 220 15630
74 135 18821
255 19 61619
246 123 20637
247 347 54462
51 312 36434
56 143 25315
189 28 69633
10 333 12783
228 355 94560
279 152 81266
5 332 66851
84 33 38163
318 29 67864
92 252 23772
170 347 2494
221 236 65612
111 82 88539
15 160 56093
235 44 12889
151 266 39795
299 338 65212
16 15 87025
199 234 6067
271 50 71556
278 353 82875
49 189 29706
158 65 6415
227 238 16616
166 136 56416
233 188 58075
6 306 91585
295 289 42475
52 346 25192
164 25 91534
307 52 62300
319 165 75620
243 146 66162
159 183 99097
124 235 50034
126 339 57412
281 104 95540
109 175 14829
106 160 12132
134 164 67224
214 356 16846
153 20 38379
202 337 69328
102 147 57918
297 196 32755
180 153 57987
162 10 67174
171 352 14964
71 15 62515
139 114 77397
73 268 57480
68 342 85255
75 308 44537
328 111 96592
285 350 71862
140 152 27914
316 136 38874
296 32 61341
326 327 88950
93 147 42632
264 260 10695
315 251 91965
341 165 96940
200 105 82553
169 150 13772
2 113 55315
110 228 20801
320 197 60294
276 245 1072
290 124 20648
161 103 8324
190 180 43513
53 105 35992
212 313 47041
47 347 75055
7 134 16442
91 229 79306
261 162 13368
23 313 35006
26 271 46932
273 249 43915
77 91 96311
1 89 44580
112 42 35247
331 160 17422
128 210 98623
205 182 43069
72 130 62294
354 146 7466
122 315 54042
107 83 61569
173 269 84334
239 241 52636
303 199 55908
138 211 14369
351 86 2645
343 43 18081
17 235 60090
63 202 18326
38 92 14637
335 138 10294
292 274 13126
277 29 95011
13 206 64679
192 319 91890
120 319 16079
310 134 69544
18 200 16275
121 69 36377
115 222 56358
185 194 63270
172 202 23774
31 165 54651
262 305 6253
203 70 99316
163 105 90965
108 15 66639
270 213 54846
177 293 1840
259 118 30514
344 196 45113
294 62 2395
66 37 38687
125 58 83047
36 288 11804
87 261 87914
330 93 87310
674051101 805106985
395259488 438425221
582096374 747422364
148026677 518086686
561230790 615809393
297307200 299717345
615753035 700108156
493411480 787610292
236295809 723261569
968975524 985112566
512969860 552078717
734475909 771080115
32828887 336869309
321237176 740127128
86290557 407787796
829331077 928489844
770123633 891022314
132970933 364903016
978277766 982385255
259812640 619053079
961855315 978011557
984228184 990032186
572115773 776852558
903065192 948030190
527295935 985066699
701306634 973886789
300987347 690317925
70879154 634102425
202890400 423833403
428420100 506535197
414336536 582598111
723133359 905090911
430969858 894125505
338931975 764512188
157027893 833686636
971155868 989814407
391721980 900797365
191194745 411538296
581875622 975035190
243539099 451392798
112527408 996284491
538378780 811500817
126807029 412953622
154290983 772890884
894539119 994492411
278020608 965094491
627008512 816757984
638217124 680792401
656358762 983824214
748223303 756731083
8805493 224495853
190918846 538760946
513634185 692795459
297536877 455587848
785454006 850845283
140966395 959677602
535417471 971795958
665915396 680407745
212282719 911334111
867466148 936753062
513691817 922819289
654394602 821273251
481178226 823163320
485577959 924860238
800891135 844375041
403149817 862928547
411505811 637282444
865628338 908413238
636204118 947654296
895768872 934946100
276111269 864651263
343822542 927477625
924561626 954663954
75941739 623724074
378396698 483644969
466538336 639299515
843893771 882619640
301902796 984263556
465008748 595446461
376822588 595798163
569165600 887450809
435118032 513465498
518022842 919498801
152863674 735763406
660787010 714161283
810865421 832464258
532784318 753643304
915737676 943648410
343050931 832303024
623037935 655338162
481804247 657265430
327985127 332234988
363345910 401800446
311129051 394040235
200688676 305105537
366288505 733093438
44668744 706739879
922259703 938553814
391075218 434040914
466641722 842671988
315393165 834195839
425083626 961148315
642244991 779043724
922812199 985589003
953182010 976507681
241443231 806349001
253972898 584714501
642201711 990690994
770891739 817776804
866952956 867081327
263736633 452513030
756631810 996570895
759972618 871615455
126911436 219585788
678964102 709062208
66359289 177508845
146182408 176447277
396922140 981934310
820301692 983245610
486749625 992156308
51070673 338433056
563909709 722163888
13695930 475061286
982245166 983209452
724603727 890216809
630877503 848235762
527300895 710823296
693727089 937991450
462134311 843100196
191450747 828790047
46689707 142349209
930861694 984492491
463216829 894922777
500778460 518717011
9956719 55866133
667495381 712993187
968741374 992626678
104212004 220255445
881149299 956504885
779500089 971013399
469842141 811682417
710016119 791895981
314039431 602575645
541016450 938087440
398756024 699423634
393609719 922362238
109472323 545222907
531656693 934863962
224871990 658739074
602055941 867436006
333722079 562421146
194903948 256810085
861664100 870906774
729272655 808369592
949585139 973997124
654288856 770181188
184782097 853927628
471868223 576615511
882367272 943459899
441106106 878283130
543700327 612202609
949843286 985077139
426138081 761131529
729748050 874121381
700994323 871258179
989003825 993226631
856120574 969626512
831291412 847359364
878160693 888383048
95670673 839582860
344569192 955753809
878118306 950917726
156053217 677438181
341947388 825848172
547708048 603907812
294285480 517328673
257626917 719499414
862786026 983397099
852023549 906782154
968160828 987359589
602695621 970547770
531109231 750488333
922794741 981235237
914286684 993145225
377018324 548739114
606232106 623368091
366021411 409526249
362755734 383461860
72119676 140490922
750718512 821696318
129059372 709706300
490574742 918290161
302323352 541952409
797478997 822403297
723538039 813461503
19811520 666992109
105813648 106333251
297317553 999576233
894326011 914917279
817483681 913733194
173500859 340359373
396854251 742089877
449610503 469411869
82120229 708754372
215006636 513297113
929775930 967064901
491171530 888851844
569762543 663494266
330560110 996806274
92024688 391165267
681926922 882152226
804384156 921669672
448570743 622845816
463904837 501818530
111513494 805137589
3902187 985642158
882972006 925515849
71463047 692853097
310676565 471279588
796817964 912403748
769364576 831971044
63686030 253921702
102218771 473432845
1984701 279436841
407217233 644956411
566059859 907640806
452313562 818990918
703587982 913407819
847289056 853048873
189194273 845408487
19430336 776497372
234184646 545814206
885661605 954415093
156124246 291890531
166580207 829007089
850267964 916266775
166010820 741149514
888741363 954272251
752324793 953379446
688971292 732178987
384028509 822808847
713555473 996955161
506332133 594220021
306043311 718972102
466994607 982390867
286155842 363086809
642668913 658167774
838220258 869643873
984083833 984432869
592196961 837011985
81719331 814732792
284240360 288195290
167264291 552735504
624914639 770223648
925779992 983734281
423685850 904160695
946121651 986134064
526877912 527682095
253154928 414769026
881084169 882257331
464873282 996511091
530087677 976386662
351388452 723028669
987405443 990235333
523374987 807778051
357521333 528595889
946053959 969181872
28258288 941005767
544730066 714995329
917757725 969449099
932366295 937513165
590940745 720518859
906047427 916787420
473109882 877994389
944604412 990753363
161429031 414428461
421264917 728472473
991246012 998324793
208150639 856964253
645527778 787862778
771894345 959975479
515054621 681525714
930777504 964605369
861320095 874854599
168222078 628260135
375426631 541296591
251911363 414720512
863435122 895822755
73749273 884165542
385578542 736972335
466003055 538042746
105899229 620840670
110953472 911117693
970686924 992068677
149989510 518049248
528000695 845228923
533123386 949898614
807606468 964088401
576751362 799452212
110686750 170730833
429128584 990358787
594119182 833989960
337277982 405767698
375031904 707539034
745804257 782937929
69084517 847572176
92147045 853039983
937418123 939410724
489876358 618286628
448481947 783429955
759086832 769852233
169769767 688100084
666452407 889021847
429540942 551197165
395487195 856759273
771028008 784559341
10542812 638839971
143963321 179548744
814389325 845102256
886732278 952626552
893426411 930026975
849842570 986351414
825431489 935189986
39983028 195653750
954641749 973042609
554271894 884881026
530206229 934011591
442307322 879756813
21133617 164022446
216529522 879722170
214875963 878129561
718202872 753005976
61588087 903670653
464028857 903558846
784376121 971250761
96987129 408489738
563615492 711058317
788857085 835533469
134674444 233280584
654299073 739755166
126849045 357881613
917454429 917948073
774715458 786156714
87816988 754326425
915414563 995266825
461570364 986704514
122610450 774765588
233965539 618742074
536773081 595404787
621480818 725156988
199201127 704960555
703693853 871248206
204950089 925973803
516867009 922342087
297280785 611564613
569025570 789069030
511340381 838588127
936300983 959606872
698484666 721799948
518371500 533649133
708665944 870575494
184014629 770327351
1620740 924317635
770640492 937595509
863686565 898609746
633608078 985593642
526772203 823744078
47595628 838140690
539369485 845516864
671757959 974458164
962306297 989729091
470122864 926213615
247878514 699835689
29073230 144511203
732997487 772656499
894108650 911656985
328774689 696306147
662508314 935650838
708327212 856601604
25044758 811828177
268347062 868153316
841919496 883318275
321579354 468552832
992735429 994116162
517354862 846544408
121824593 467263118
527846148 688866647
337270682 822171822
77706691 98888050
850939281 962132704
407633781 894473106
438248609 894928709
759796464 972610325
67527716 517729897
191227329 759756256
853017433 939470952
703663064 942303057
289694056 312359329
209371398 801453635
230962352 458292450
270011250 781727572
240769822 948969175
452768001 781270132
66214862 777179370
322135962 902525004
135602708 175118164
116928025 689308500
458788868 953721541
827482446 972712636
606796929 789076586
216869209 445904006
266453001 806158332
122371628 691721347
257186572 650636990
173706181 226830162
248901217 588577153
212770828 706618384
313277817 461376232
112929087 834679917
428057565 734235418
56003189 379288373
833612296 961200694
452494730 934228543
640041772 680218489
950533827 970636593
654430831 780703036
681910220 892188192
479185829 814364404
81709460 401728104
843535606 918914884
198610152 570696375
2658033 794275981
363640204 632771601
