793 658
8 81 94035
133 8 10705
670 81 37005
73 670 37946
632 133 95374
694 133 9890
411 133 7228
137 411 44120
355 411 95673
738 670 34136
356 8 8003
300 632 62823
14 73 67722
536 411 95606
754 536 66206
634 536 19720
620 8 64797
625 632 67980
722 411 63277
504 14 94864
448 632 44212
488 137 79833
117 81 76800
537 754 86556
680 670 70360
340 448 42004
372 537 71257
335 355 97293
484 754 72622
748 411 23261
88 484 73607
439 335 18088
76 335 9819
287 14 93807
233 748 70415
193 680 33758
222 233 61843
61 488 51709
455 81 14011
94 439 72556
172 94 75094
787 133 99525
449 76 76033
425 632 16509
683 81 91318
17 504 77730
761 425 36273
731 137 25371
717 787 30186
383 680 37302
150 504 66383
74 634 54978
41 484 18071
601 61 9954
401 754 99421
276 425 90174
723 172 97968
206 94 47272
357 222 71645
393 536 47230
544 670 15514
57 625 47049
639 680 18166
238 133 8640
517 683 91668
145 41 17396
789 787 44756
360 287 27859
398 411 10990
707 504 58772
720 137 36245
251 731 99613
336 632 78326
718 707 36769
590 145 76781
374 694 84827
600 94 88556
115 206 1380
453 517 88511
7 287 77310
186 720 50198
60 340 46150
746 504 68930
203 193 66618
389 590 11940
281 620 44162
153 620 86574
585 634 36541
542 600 35545
783 335 89887
296 787 1228
605 60 59966
747 41 22893
270 632 10716
729 717 23552
165 335 5683
86 340 17365
549 537 11850
58 356 58099
574 393 18853
756 449 76181
271 448 20342
671 41 79562
305 8 95760
199 86 87155
661 634 13022
649 57 17130
706 455 71418
768 517 26528
25 585 89517
500 484 90296
688 270 43262
221 670 48419
672 336 75971
622 425 37120
408 731 81251
106 222 84326
79 374 45265
535 504 6521
669 117 76445
114 504 83778
268 165 1479
230 25 83860
280 601 16099
322 73 25121
166 114 63049
16 756 39246
697 76 29633
774 488 8145
404 746 28679
249 504 42319
406 688 39240
583 671 54296
475 76 34368
182 153 16623
306 133 28315
93 25 24531
301 393 43023
469 484 34879
588 720 46451
628 620 58594
745 748 64269
415 404 37
337 622 58143
331 238 95991
204 661 16228
431 331 78900
467 746 78564
289 153 91592
299 431 97191
492 81 17700
368 281 30508
148 628 71284
737 639 88227
311 688 83823
91 117 63922
349 289 14141
104 148 37611
35 251 75221
685 251 85915
236 349 60444
82 601 86618
781 91 43180
241 166 48393
604 685 25338
15 583 78498
319 271 30686
68 754 57988
433 408 27422
122 536 15652
419 661 85685
553 754 57281
518 398 31054
159 632 39555
657 233 33131
752 549 64050
376 222 19561
426 439 83778
784 549 37036
224 669 69311
529 683 48871
285 737 31131
730 425 8896
309 165 4368
49 553 48468
489 737 35469
511 68 61731
772 360 18239
99 153 34747
736 299 74555
691 287 51369
32 685 908
522 600 74087
468 683 57158
345 718 28986
330 468 6745
470 268 65743
698 415 21748
586 511 52309
721 355 38891
743 322 75450
308 76 47120
264 789 19483
662 122 3430
125 376 91563
19 322 6034
635 772 7844
665 296 73663
27 68 84651
367 221 28762
417 81 69400
526 393 53372
185 500 54877
152 230 49353
525 553 44636
646 632 47425
423 186 26086
80 367 73903
615 115 3525
507 615 56022
744 356 2455
211 383 50807
777 747 96558
155 7 15007
716 752 49702
375 718 18689
451 706 86102
416 276 91950
513 408 39774
201 680 23849
567 639 94789
5 35 20868
702 287 57401
460 115 18578
472 549 46214
689 17 50841
524 206 3973
334 166 79795
226 305 15216
140 542 73783
78 159 59367
612 680 13405
38 411 25652
59 270 11780
562 117 2094
101 657 72243
434 622 68028
459 337 57426
20 281 15822
637 622 4534
496 787 52302
527 524 77224
144 32 47889
501 772 52735
176 736 13247
109 78 31341
693 20 54314
21 635 18770
84 376 68989
113 94 86188
753 459 75926
594 601 78463
587 693 79924
164 620 52568
596 455 3294
589 199 30392
512 761 28777
428 406 15291
447 14 81786
216 512 8095
609 720 8076
465 562 73986
555 376 29682
232 206 24184
396 544 81748
333 768 37849
395 27 19872
556 415 10096
667 166 72400
780 685 92869
141 500 34461
577 145 72959
606 683 11132
641 186 88196
384 702 45634
169 752 4166
252 176 36976
424 86 7913
687 783 99266
759 665 27000
703 489 31407
655 153 819
72 355 1311
678 544 17764
735 774 74230
359 35 30068
775 349 54510
385 88 19847
174 337 16437
503 780 62819
11 585 87584
568 789 38526
343 419 49171
295 588 23011
771 612 8604
749 80 51682
515 84 7923
225 489 27226
740 667 22356
483 783 58926
324 193 10211
244 703 48242
66 503 23262
65 415 9051
520 716 47841
202 525 40276
255 25 55556
89 17 13285
208 233 251
686 746 30598
611 255 97824
502 74 54970
390 16 51869
474 698 60055
776 396 44379
491 680 72645
269 72 22427
163 301 65601
83 114 64934
30 475 44932
200 311 78329
713 393 75895
420 145 53590
640 393 2821
758 747 25172
218 25 94744
636 330 39642
763 159 23977
627 451 24965
668 665 69448
653 453 39939
430 612 29747
388 367 1381
312 556 69032
791 431 65584
541 301 46803
178 535 53852
184 415 25213
291 622 34429
196 468 91332
742 115 92828
341 141 23366
728 655 66500
675 264 8216
258 299 1066
180 401 5223
254 756 89541
481 383 31634
129 590 23709
414 372 14028
214 376 98795
187 8 25828
267 25 58185
190 555 99198
157 233 31680
495 276 48260
313 267 22198
142 625 63940
619 252 83279
143 113 92657
617 141 79367
272 492 2635
410 586 8250
146 687 44762
90 322 14156
261 101 80958
651 605 37087
540 236 88329
479 264 77161
443 146 84712
26 601 48522
409 193 36854
246 484 47412
220 625 21860
242 646 52606
40 16 77648
282 186 95
506 410 26174
168 40 40941
34 632 18279
402 66 12832
329 117 8091
399 14 86598
98 258 50651
486 141 46595
44 341 92333
45 744 37500
294 30 29502
67 91 40047
624 232 76624
188 625 59343
53 272 9167
576 520 89289
54 594 16992
95 768 49944
438 475 30850
548 204 64053
531 261 27808
3 187 82178
231 276 54020
229 115 9268
371 390 6530
597 746 23054
400 73 82459
462 776 92335
708 148 46662
31 609 12440
629 3 58061
456 746 30410
156 731 34421
487 511 18330
362 512 10913
373 343 7336
240 479 22086
485 331 78118
361 661 21282
614 203 562
37 389 27905
429 15 71350
435 636 93236
534 416 32000
118 251 24547
773 187 9271
175 651 42042
217 470 75250
493 780 54635
508 166 42317
427 26 10871
607 331 59082
642 534 20036
108 184 43628
391 735 52811
621 251 896
769 44 7280
450 443 69723
623 515 6565
110 438 62967
570 488 39482
247 115 603
9 335 49110
325 396 78727
701 153 15296
422 98 12569
134 589 79957
616 780 75618
317 646 63981
100 122 23533
725 343 83936
497 780 33392
215 745 38527
347 268 19606
112 625 82594
239 104 19678
543 285 3170
676 7 92898
13 221 2605
684 597 28198
726 781 8451
452 176 38821
405 450 46490
149 402 72112
444 391 55242
559 713 21019
378 204 90811
22 453 94227
87 306 84118
432 776 95187
461 153 44977
734 419 74823
298 623 57863
593 176 31688
656 500 35708
365 129 24179
177 264 53232
714 718 20399
732 763 7929
499 486 66860
595 414 51737
682 589 72685
302 732 29181
792 769 43760
173 789 24230
545 133 78532
571 698 33283
454 744 31883
418 780 36670
167 41 94621
473 54 63596
314 534 91832
85 553 82864
554 595 92843
377 422 18528
581 411 23150
490 734 21699
279 264 97075
48 454 60113
170 404 75267
533 145 72452
519 774 19957
666 746 45054
234 334 1605
630 82 69691
207 555 60697
692 525 45077
592 625 19579
338 692 89337
677 641 63554
102 624 73221
278 335 41138
248 218 47510
265 670 87423
510 90 36987
273 108 26782
476 309 40064
42 718 11559
719 636 79904
33 153 80224
131 504 30529
532 360 76494
111 204 14370
205 131 31262
445 273 3736
381 218 61392
598 678 22249
327 721 40419
681 531 85639
608 496 61416
344 420 98741
652 604 11474
421 95 17362
552 267 73420
363 447 67712
369 385 28594
266 369 17039
46 668 81875
584 490 32095
626 38 49476
379 684 65695
256 469 66090
43 455 39112
154 621 73968
582 694 64261
610 768 77459
394 264 24297
70 340 92697
437 295 84618
478 620 68571
351 426 53521
1 312 50425
514 409 44871
382 351 90844
633 622 94836
786 541 33394
782 567 35164
442 723 95325
505 531 84691
332 312 13824
521 665 6757
664 37 53909
599 442 49914
441 49 88504
779 72 88339
695 363 56868
471 497 98508
303 742 20848
348 474 78212
380 734 59115
127 34 15779
97 600 44965
751 272 64126
563 49 50014
523 372 37037
52 427 92660
23 134 26512
727 211 26106
710 306 1647
575 335 11260
643 784 75207
696 95 1741
92 336 56556
757 636 60876
440 169 2526
766 19 99995
2 164 51640
412 231 53844
715 426 69443
24 373 9346
370 766 67371
557 172 8191
194 256 59339
212 374 32878
494 639 10149
644 225 24651
436 623 21483
292 756 48495
56 662 89673
297 640 32458
564 67 3793
12 112 39152
387 381 80971
119 154 35665
237 621 32065
790 486 8358
602 356 33338
162 155 4732
219 584 53613
121 786 19658
413 143 57420
788 630 84259
352 205 40419
283 761 37712
36 696 59237
326 148 3719
700 298 99313
310 65 69960
124 66 35609
55 193 4147
235 747 54088
315 409 77029
253 571 42888
75 481 78840
6 502 70941
482 774 9727
457 523 28201
750 177 69624
579 412 79179
705 434 42958
198 723 77959
132 372 55910
105 508 88065
654 433 13816
463 231 46178
538 655 88022
785 474 9127
130 413 79132
530 148 70482
724 168 64442
39 345 99697
704 141 23663
477 399 85507
650 244 39644
770 297 18772
62 713 94721
561 352 38940
498 757 27015
591 616 93274
392 233 79492
765 8 33278
658 102 53736
339 535 39555
762 481 9375
638 634 84404
603 335 91473
71 336 15045
458 603 94754
397 201 30632
18 180 58339
528 241 9458
321 186 78862
407 461 35149
47 744 46987
29 383 980
209 530 44941
107 727 49195
353 410 8681
464 58 97756
764 624 29002
569 244 95169
711 67 31123
277 407 46907
733 202 22412
509 448 71004
126 422 20147
161 36 41429
64 477 87803
197 283 72623
103 9 89638
213 231 10934
323 639 59316
304 351 20742
690 302 74333
171 349 15998
741 424 17715
192 474 45288
123 607 43023
516 561 83957
263 708 55719
539 540 2377
307 762 73062
223 171 79738
613 129 83185
250 53 15094
618 444 11195
578 743 86076
778 636 86731
560 146 80434
77 493 58691
28 416 99780
648 204 5258
580 125 65596
739 538 6522
328 317 18932
259 222 2706
358 638 35907
191 143 56819
181 376 37859
386 283 39554
116 447 52368
245 749 90209
158 406 50187
320 126 98613
160 453 83273
262 235 93082
135 780 42283
183 217 1370
189 397 89876
712 391 15917
290 541 74067
663 205 90019
660 83 33269
260 357 98068
364 263 50498
243 652 36249
195 28 95657
645 685 20986
647 479 76672
446 208 42288
51 666 40079
227 543 82426
547 684 40937
565 577 87844
179 555 73322
466 603 10535
4 530 27381
274 779 20448
69 506 13917
760 559 41944
558 302 44701
286 665 30441
573 686 17998
572 424 20972
566 88 28366
674 117 16289
679 144 52367
147 585 20634
275 211 78090
767 410 27382
709 86 28588
350 548 2613
480 661 35435
366 747 87023
96 509 50615
346 627 89194
120 519 88985
10 521 93205
136 758 59060
257 588 11786
139 310 70352
354 99 13519
699 20 73277
755 748 66186
288 201 19832
318 62 29574
151 353 20186
293 314 46911
316 495 6109
228 583 94371
128 60 76767
342 396 3500
673 355 86264
546 424 75174
550 380 34019
551 286 71093
659 278 31335
403 275 36719
63 162 21254
50 268 97016
138 670 20143
284 569 97514
210 155 84833
631 662 20663
793 532 55730
989361602 991877648
115387507 971302259
780765321 985887413
669318353 781162287
887167489 974122618
335993637 988886665
86393821 968126775
275546757 344507968
278196463 384854202
981706082 993805662
129360805 491601578
980393837 984091727
553700638 866339966
957196283 975966182
200418073 873034225
962028395 978101037
10372838 730016123
122347731 446693311
787275071 968056249
785611908 832204889
571579957 897441381
914403206 928261273
753858726 844471301
228184901 492211106
468309954 936960018
526028684 897475193
81394851 510758757
644351061 675620719
776163004 998525353
448633549 713578521
397339488 601267571
679079803 769431656
134947080 266133140
539784607 962266554
354862348 631041824
724965909 730928829
373362490 728312884
46255622 363255822
331886281 385449735
117718824 855593907
716827165 945181332
978134902 999102984
68856802 573496179
341331697 674357014
883357964 914740527
188190571 957641685
184231685 290013495
446580411 772643602
782475753 837672419
726298296 995189488
894575499 980627108
882079820 897219381
205825936 998308897
637854510 872189737
357665421 932348312
789907102 861588248
980671366 986521046
20960578 105004600
709253069 848893438
383425132 984981000
100824013 832474169
695892190 996178640
894211726 996933923
928092519 958385435
387152426 649463494
421137951 862471709
56234026 223010634
479124230 945824888
222055702 565041062
713837732 725761723
119448113 453446730
289950772 851338301
399135910 429354371
907922281 955038167
393556092 852968873
691881076 842912837
968268939 999168076
743442622 960432859
163351465 875469492
731033334 920679263
384819147 745354216
288054872 981431956
949965715 956262124
5070568 86692914
745785935 844038316
709313580 755442153
707936664 894654116
487107578 548547392
973701352 976189858
425120066 918885274
6526106 425860324
521899754 596308519
766078988 891396121
707380397 867773249
540513633 951261435
19966127 933953906
725260258 958420709
287746831 607970868
370429980 824359926
867567981 909028148
75220021 432357402
100891679 601828214
666002944 676234940
960941433 978383204
237124186 298865910
746539394 750791091
602548527 983602427
727342380 743031563
412675896 691698100
296844422 969264997
291825064 845080029
443150689 674819570
400498882 777291565
800149670 893805968
206696305 937824192
377956484 825168671
22879171 172742328
667268587 877269241
332593828 889670926
178665463 998248098
182334494 674156564
2451118 755327437
121882561 874178018
303263430 723401806
105147948 333893925
445311979 558410426
501360813 876060946
225434030 416181595
511781907 667705409
356285362 635980245
180434622 377704461
874630060 879812653
617532929 666216259
944453801 996045159
898497885 918971341
973889708 982891933
46286868 935234121
774523588 816810503
205832085 958417327
919437105 922857270
692095108 867076850
329468240 469019749
168965638 487354456
643600510 669486990
29941351 201905367
849917366 860633179
345309213 606309986
829795067 896832556
90499159 639834664
450177596 887840712
992532734 998503933
635004898 976609101
728417831 859830135
356923762 581694403
329256050 732730051
401654759 480552094
409420771 939773545
66294676 120999560
603884175 612868732
620909200 858095959
860774725 938410527
854851488 954877719
896213054 966597379
576619090 884340789
954360505 959787687
55033891 490279479
578756444 778425511
432001171 901831420
47685993 234673308
151670378 724771629
17763114 457346929
562043149 742262161
46293632 800219622
473394142 590682293
675739002 978625254
566641817 591998486
208711726 601113786
603383261 965952630
383348333 826953428
85098701 739736549
93306569 726163266
427314815 519415143
205878572 810190787
77896276 665155921
263439660 647838115
974512111 993212007
424180885 852853351
312649558 790126422
311095959 985692187
724706756 735126017
752511736 905310585
168151066 625808695
868276233 951880761
921432023 952915358
674345221 825587788
103656204 572787056
159806805 697291634
519463134 707628700
991200127 998826523
204693506 450977626
962730517 997663485
454389024 465555802
454414741 538780741
681478424 764716852
815342544 852741777
42029281 796476289
282387259 767211716
976683568 980766901
184495448 599827495
953323708 975390277
983962453 984740584
719906862 928755979
868552054 885498454
177367235 310356557
179175559 554484607
747158761 918451037
327689807 867002740
457019463 634349587
523766800 836162953
62452085 695569966
738011255 919222837
926384544 952679748
349935218 878405639
664059779 743218805
909920390 980496656
957484692 990261471
641833141 839812176
381955792 597957534
322395819 985222091
58639286 614822824
160845004 601478016
792596431 900208563
906230580 959570872
867713371 891176966
868746798 892185931
464949943 496969135
627396429 800404123
411623478 582084284
526289165 977021387
98804219 211930936
235132315 312387311
370009673 409706968
741076058 985538232
778092662 817665769
190276938 413888793
117396815 411330196
708996871 787887881
49286078 916406601
601737688 823028182
23136896 367576445
787586130 960967726
487946496 543790684
356356850 470326369
786713511 887878697
570211776 590680734
3351033 958452746
60775905 848417333
561198317 923271602
803084191 923501921
982797840 997945140
148896930 745714036
284606433 844422747
406177787 826370727
54128898 959334698
253755794 554808333
715553761 969249416
188441677 785608128
94604313 372809769
257722872 520613502
506671759 858383795
944163564 980158145
513772403 532134266
10279188 660622586
20495894 740185347
743077795 783230287
372103592 484419790
260587155 621526132
843048063 920961945
15463684 109095449
430374356 470096393
212459460 795646864
237316157 559533095
411443196 445134055
14786349 458074675
501568001 628420352
754952470 801855218
710949055 880753346
948739367 992325849
106810539 879952901
555616985 768301646
487831666 507007529
904652595 928779435
835526650 860342897
708687983 891426293
870008293 950169250
998423570 999442700
412639933 978004654
12559433 912910685
862664043 908805306
181392844 941962500
487546370 868937533
314312039 688969949
146699769 581197432
242841916 692801523
219848676 913580356
405105900 932478043
504604286 904355507
490063595 601308129
890319835 939514316
859100028 943138227
986708614 987124624
229599215 774259691
238911758 688151536
408842677 746211237
606907771 794217455
68687494 717599551
163365188 703747188
662897050 808380802
210774549 664549609
60933039 433595682
523889193 627608312
976995793 994025798
172153611 822098883
12097815 534553308
256057288 948082378
56746156 374773443
95036416 690743332
235147424 782057964
425146977 433418793
109137853 301581417
677762667 954846974
746088994 932377262
172940453 941127544
830573285 893737511
892798447 985253315
313455980 473259514
526936567 791538364
434756651 886651628
472470633 976336845
196877826 955419084
389457166 996305574
194911303 971893459
16275702 665991619
678527051 820913327
989153500 989530509
200881312 481498524
916398955 938001258
163180946 489521821
777183309 850774206
238771636 724732095
132480535 527298010
773495286 961167109
452558998 820878737
516631182 881992921
116064705 631807821
380290447 643778896
230009485 961409400
923037387 928092033
374055215 469318682
409098482 621852403
252591651 822332137
484314945 727054835
848594229 860015947
164121932 447239968
477958150 740327869
687672383 814835611
948127643 988927954
783090263 824381906
381716576 388873383
489557670 828256300
327790162 610995997
949384740 978233299
420538905 442205289
681753672 982419354
185652352 209125329
95615438 446554141
291073103 896268459
48459719 485307200
640307663 681147913
895588492 962342982
432425696 945132624
172596213 225739294
615218165 730369295
845598478 974022434
993287756 998670325
234727102 442427711
5670616 767621480
287873512 939985840
842065836 885513975
479571507 551641611
670893215 699864553
570913253 854724600
276439946 806302132
530310478 790199058
795754853 898076543
478055639 906183660
362088977 517226620
179252952 283826872
420973353 875189244
127858267 814720750
464795561 852206288
361819719 694515224
836715065 925417931
92188772 344872473
257622148 843561838
133808197 145622210
41101852 438378203
899088484 968323407
770105318 953325073
582362896 682803687
321272954 584201853
624145186 726736812
589154775 754925482
834650917 942950178
69474895 457577964
154335642 609675995
976724554 996624177
79150076 638662913
592099452 766375528
368310336 780391396
782899599 851886792
246868531 549140161
99847506 960798835
573119444 709437745
916515489 941080117
979134973 994179561
187124393 716472845
124808531 321591230
419618410 932068882
316598691 929922366
483802025 627505129
56425711 635260017
506156988 756595234
736333373 818755666
507518775 574285870
383010862 805837343
618174141 868684723
12212500 542329662
418725728 715427110
985947948 989723491
49536069 306231222
554043970 855151292
546506586 744824670
170658995 960791228
105151931 434700473
446572527 611746977
589456713 677499332
512866661 687944054
64773243 82972552
864111717 906637394
444322815 980119620
821611553 913696937
680490915 983122840
573167813 884974038
58047942 536077866
139119056 216940188
82746843 770195309
568889770 579248601
144971990 713078553
114920097 333697505
178832285 667167935
797631262 817200879
903063889 913732847
923056685 989476780
576220822 756327174
533399832 692974324
265747007 629025209
409309162 683857601
391297724 942731187
736317910 942163985
447120889 456439956
412782298 748700223
165033468 859905570
624175870 923478877
815928090 878187342
808664145 983423929
47594882 534871130
523513770 617735847
402653851 474331007
915309066 962289655
749174901 954980299
821027863 917175922
630915725 747845569
257512448 748071170
225569606 543321986
48203012 266919664
13866316 370498278
170375296 563187632
782215728 802438431
57801676 238734601
65056332 662585041
203606608 801749870
357188905 994970436
592509173 705860287
779142232 794503097
989941616 990458884
590637823 898425520
597512813 784836042
850261716 992453161
325779779 541585308
460852336 670416760
618899780 800663433
66595168 939472490
519352698 612303512
328578147 389207689
827898234 872533477
108975337 313057182
782907484 809220117
742456324 842221090
437655492 912783766
352196890 951700239
847883038 861224459
946074047 965218442
787428331 979453998
797824755 884464661
304469834 669433844
780848505 818832848
365823384 429538019
998634920 999933976
22312096 247924506
371760164 468514541
847391724 970293471
93853097 258039244
327023160 939791682
335123316 970743509
377276799 845267878
719060061 891559647
173323729 521488915
14298059 706619393
937257110 945515703
110356569 896850835
115441643 267143019
580279301 910256274
137201058 844290664
688204977 905723911
484207105 838804907
115024275 504265544
739517887 948551874
191710017 465952837
228261516 572841679
933695645 991891888
976626435 980450785
695258157 846061752
359454536 797827294
558507264 871591332
284902204 556743517
416561696 938298647
480538335 798090667
325224432 987497549
28768885 213144160
752640973 773727984
773207799 863778923
469647738 920711507
258936010 851292653
724229431 903496567
428867296 621332554
723168651 892560484
472869256 718511425
299093909 575958701
658198434 708091575
98282898 883676985
793750400 921199812
926575709 984109990
222519391 966538475
267213105 630885842
362056290 622810435
562254816 998301184
853849341 905850964
171279843 182565452
711941510 738913542
408822121 712280250
67520383 968875769
355322939 430429320
82743452 543790836
206506473 277915589
121596724 234212960
747916249 989758285
382314082 499449596
976084982 999868623
335768571 915730439
382156465 439741792
278544150 904677759
568077204 637570915
114060455 332214991
807978720 922969091
665047731 992106683
881766626 924813730
377273646 963603577
832280089 938576312
579120520 852395490
872597919 913369498
982187568 999283879
258271184 384728277
166668967 756519608
696383993 773492837
914399030 963533712
208984960 286018554
459425087 537499340
624597088 673619435
270004404 568032459
117658409 601682850
882365946 972402121
972080264 999577301
679277781 856359968
338635311 855348190
475578231 971904511
372177743 847724857
635524005 930447114
674451639 992899488
852398724 897765719
221553632 419027919
189667666 634248531
559661198 588624645
90489190 385895221
312092071 566906855
972074009 994707285
211892829 394900766
731812848 762691426
526776490 840080212
921646956 938090610
308583031 516297326
381040263 792041973
875924185 940880507
844933667 848504911
347986810 825901289
614933106 989237109
725221108 892307319
275274936 948329149
482393573 609146226
345911410 491130226
313507428 624396666
792265444 908181443
804924268 980587276
186114114 785811429
384954518 947750567
371952923 570918129
244998034 328566813
748580293 869310067
628211649 760937457
905071000 938435557
780283235 845287414
639022530 978073127
719856387 739526249
638246093 763802001
926521660 958268958
96531692 232337368
92778487 266790567
312839488 613859888
521770976 918745429
930864945 933835458
671536561 926098861
521639275 530580216
144893889 246644669
584705811 629837652
153976348 564735350
400966878 917309178
446963833 557417103
994527201 994743831
