307 543
306 85 51948
149 85 95388
16 85 64065
221 16 38229
113 16 41875
200 306 49038
187 200 41735
7 200 43860
290 221 87730
283 149 17323
112 7 61192
125 85 83132
87 125 26351
129 112 87616
204 113 31966
136 112 26717
300 85 20083
108 125 80068
162 129 26465
96 300 84690
71 204 67018
241 85 32077
11 200 63778
63 108 89294
139 200 26166
207 129 89879
232 108 53975
106 7 70889
88 221 86065
270 129 75004
29 207 26839
277 204 45582
30 106 2490
301 88 53997
160 162 27610
89 87 20039
12 7 94074
169 89 90623
227 12 2052
132 306 52462
65 290 12156
238 169 64568
250 87 17373
224 139 99253
27 162 70632
185 169 97664
262 63 97871
302 232 89760
70 241 58832
209 149 24673
255 85 8850
5 7 67248
233 27 45801
59 70 55391
173 306 78309
263 185 27508
284 209 17910
242 263 41713
36 302 29585
83 300 80551
228 284 66759
189 221 73014
19 162 31784
1 228 8569
90 112 72887
127 87 13673
178 16 79516
48 129 10
202 262 83080
289 136 5833
64 112 55128
219 139 78427
9 125 37881
142 65 73472
15 300 61848
13 227 19502
148 71 18628
2 221 2216
267 136 20457
303 162 79250
115 70 81872
248 71 29776
278 238 81730
214 173 44544
150 173 40687
282 115 14286
245 173 46742
172 90 11470
47 13 42976
247 228 47023
50 16 45240
156 87 25984
86 255 22780
307 278 53475
52 89 21830
281 29 44821
304 13 83280
43 129 6789
95 241 66710
205 149 65216
231 228 97580
55 108 93795
60 232 16023
130 47 70564
225 63 92346
111 232 79090
40 160 76559
154 29 22882
101 200 52759
123 127 70098
268 248 65327
280 303 99081
80 95 83764
275 268 28795
121 306 52764
285 86 11524
240 13 64740
92 219 71459
4 127 97679
274 7 79809
75 101 72031
215 106 38300
167 214 7848
259 228 76209
186 5 71682
57 65 16976
230 9 97390
18 262 46562
179 136 39074
118 187 59543
99 71 4343
223 281 9726
84 88 72734
100 209 57897
213 90 30916
203 285 24249
31 89 91794
17 57 94403
124 87 18255
168 263 67024
292 9 37668
119 278 13179
133 95 2368
256 284 70795
286 87 43871
107 13 80975
176 40 19001
66 89 11067
266 16 59711
190 130 597
171 225 74620
140 9 8741
181 286 27985
175 148 31101
105 289 13374
137 132 31111
53 283 11975
272 92 73668
61 224 25475
157 225 44988
72 11 82844
3 168 869
14 115 43308
166 57 46090
212 88 19297
299 190 71938
195 299 28365
182 57 6262
164 289 34994
104 166 53475
97 127 20396
269 112 35576
183 112 53954
153 157 28640
77 130 56949
246 204 12533
116 241 77960
42 304 29650
159 185 69553
251 119 31295
110 59 24581
305 5 78226
126 300 15751
218 156 22996
293 181 90390
208 4 36175
296 96 82565
24 57 83958
146 50 744
151 104 89686
117 173 2343
229 84 29126
128 27 48884
163 89 9482
165 250 83836
253 290 99428
8 99 92536
271 75 12793
197 53 19397
237 167 52638
138 248 80936
144 126 91489
103 1 41602
58 12 57499
39 266 65199
20 97 7639
174 173 31555
102 274 85262
217 110 12598
28 286 43745
34 189 70756
243 132 24457
25 283 30808
143 213 63198
273 231 2973
94 100 18339
193 90 96681
222 256 97226
22 55 42881
180 214 18942
297 1 9931
74 90 93958
210 180 81244
56 87 53385
131 22 84862
147 88 74623
69 168 30136
192 83 54725
201 174 68278
239 59 86470
46 219 12024
23 303 11549
158 126 38709
73 290 66926
38 159 22153
155 133 98593
49 214 24559
288 116 46788
45 269 96481
196 275 46524
206 241 3468
54 50 3208
41 263 55075
236 50 66992
32 255 63642
220 246 96601
114 175 33386
258 242 16883
79 209 24302
78 130 295
188 64 79641
35 132 28466
6 48 17102
109 286 45958
10 196 65055
184 178 19257
93 41 99981
254 123 77414
51 273 83782
67 53 24770
279 240 42373
287 155 15293
134 18 68172
122 218 87317
249 95 58848
216 195 26065
81 167 65212
191 213 95086
260 169 31145
226 27 27764
199 9 50500
44 206 10583
295 209 7645
120 193 54271
291 54 23200
37 217 47593
170 117 39975
261 18 35969
141 12 15673
26 9 42923
82 274 15950
234 7 76257
68 156 17828
198 172 82244
152 221 55153
161 13 11055
252 243 45243
235 67 36628
244 230 62208
33 111 65393
62 225 98101
276 45 1628
98 233 60700
194 113 58062
298 256 22527
294 33 20801
264 303 26542
211 156 49563
21 171 19744
145 43 77379
76 15 77685
257 157 71655
177 172 49681
91 105 60085
135 179 11360
265 204 8751
938147070 947471259
424876763 671128968
654563921 997605163
700159661 879198988
852103409 927351354
974779107 976544407
961506177 979886236
489451891 869891825
732897771 948187954
727790046 879168269
318315132 581732707
175325962 435575257
610737705 954525061
38735812 596501360
883576028 903587802
816717018 965356314
761103089 836200593
996598667 997670293
28993052 530662799
332249572 815302646
796607990 995930343
898904971 986179977
702374630 929298543
471900539 992306409
797303372 824629680
62801147 92913095
24890737 819610722
809190381 905526573
139075092 439823204
871755597 930684294
423555481 620899947
720544218 738864955
325136125 685116247
57777681 347479970
830834087 848200569
6120718 587168585
133240514 139989637
471204945 584066297
619775152 796183077
629064026 764226104
754828405 972904315
273092617 518679203
466652073 639596155
887073953 990011424
222063128 369350634
419819703 803041221
393080189 635975327
814898898 827062933
369223286 939676546
963740471 999540719
453608714 583811320
642418861 769119040
898836003 916707149
843680600 881499645
542295855 831860206
305146531 723602589
270431469 555351203
933355110 970685425
82410267 405633945
633856063 885702245
525202162 857702953
527976481 736459246
864234263 989811791
163254275 262188161
310906475 536092699
306153278 897441005
187406237 330580109
830614561 961078566
268616525 848994044
207973635 890934334
676424326 838131237
733768213 965438213
553809462 653268403
750186237 896129831
814361329 936303855
494375484 637177469
245746857 395958588
234162775 679237520
23489049 681338931
814427840 921036990
375333477 785270881
814531450 907406627
139833019 360781513
721787264 916322939
46199151 589481599
637542296 965057574
27681090 890241665
748789412 884960486
850373592 908985120
442804152 761625589
382372470 548527426
563650169 971137861
576004343 776770417
557661098 918530582
665564839 986517227
156538634 505812576
182688668 592834799
281576963 546871958
921451862 925036274
347827931 984156015
207581867 748549654
667799920 921314665
938126531 955585284
309951363 344449059
902222993 947559052
386129375 844696591
787873357 859863448
123738592 491088018
685902929 872697294
542550222 924941556
981120043 990774842
768408021 807617480
480827525 829758164
205257041 335158607
727240582 843406533
240493197 664479063
474484540 740061078
844584053 884005993
978422967 978919306
217895265 693164172
710908351 849497348
386633076 425788207
893602476 949179721
386426935 468747373
925615228 952232310
794633279 900067092
390665023 390963400
901653009 998544676
109718627 314121770
707460070 884709334
87627376 557331589
640764886 784626025
669728083 914698826
791354870 862876773
707717870 964368095
691155264 894526938
880947294 960379918
22075037 681067214
607146825 791942634
757507192 829358593
93738850 619461649
162136548 969845273
660346203 989234750
278992882 981408231
541512757 648055612
734525360 811290295
420292261 928950400
927784260 975262610
154773734 366033721
933212027 989393348
970806951 998672137
681734991 685076268
211872644 685637173
928555983 989984307
929981110 951330770
848479846 994519087
572071475 727612183
842433653 858269292
554848892 628881805
655926745 882648051
882727586 973063241
796225123 807417813
408424722 696502031
179634978 853263714
94937703 660782666
123905588 573664356
358233035 484893586
904820517 915666686
102491103 460097032
349572638 553547006
939236373 961798941
606421310 639141563
58600987 301287260
673114833 843366240
426098960 849312739
446422131 961695125
443554210 884709837
305073760 513041210
598848334 674808646
923278261 979406351
718747410 965543315
173622388 985608647
905549495 965295993
44831412 263446619
810426645 847857444
661299961 884024968
800812381 834374066
858212445 889776839
737470648 834478102
360232069 755790845
465007473 645442660
251429769 994136747
15340447 597885609
864294712 865022534
426278389 985239319
691421711 863944518
296986633 788069413
801186938 905231758
64949441 724345697
759737615 962796210
474375210 476434380
749437848 799805284
922805116 994828039
112214905 116918832
624209045 664278707
492388380 512236839
319898901 453188769
196663080 280505069
573200317 768036499
906528499 908356410
533610350 614078968
792896684 807516243
948400433 986792624
152488528 940080743
270092687 686727237
359567123 539892558
415094184 765986866
874255716 920963127
501594500 914791225
161664070 288135514
487767226 510042564
397198258 789173974
91614086 621893871
376253145 747118192
340461454 913375396
258546428 749618186
925645233 933624457
218159040 413140547
749503943 796588246
766274329 811288828
580153013 961693376
219062340 544591212
175362765 255306634
400448507 422848596
279425280 769159265
818637074 975604122
466963712 658241543
181265576 625273246
52906437 519085698
25978511 610688819
394710231 440987765
808104684 862678755
230513210 455856343
396566207 481866694
156545489 924644037
78734652 286846393
686915855 697092479
767916397 789616525
776257858 817485713
903490354 953177036
167761281 562820219
85875186 238036724
927946482 980686441
384920017 862440665
346578384 839565536
119652992 932519147
672627891 875378674
957616188 961668250
885279956 927680873
950810168 951459731
20503579 125149856
73329310 855411073
873858562 908294668
926632778 938452852
880849338 894169606
732449342 847592660
349605407 615454672
180155688 421671361
876283774 979923297
994864099 998110344
927384430 999208866
271250779 876568361
95761307 795100532
541378214 966969408
830132933 856329365
873802250 989497531
223540904 251026968
234420452 253378853
469391374 808545620
433415947 511831114
729926134 903837778
3826990 13924040
890977757 972659384
234792309 567353332
335678366 878190504
874687352 962193674
821091661 906568656
473466573 746536682
539187066 582234594
244705320 801642480
170862313 721266735
424477724 925045168
861897850 868710095
397536993 512748623
730341261 920166913
464976547 761185743
321068402 618044716
487885307 502362088
844154601 976824472
120411738 431934187
870451915 917929385
645189943 808230802
944273851 974669222
104393565 363102028
523408153 761402420
993620027 995001489
216578361 651338046
591163826 630122544
870974419 933416320
879611413 990681794
151611908 184236725
668833943 856351298
302864516 304922172
541800089 671120433
641180428 999081169
326220659 623609225
448810593 732915600
825557421 897690284
516284654 913284125
207401340 549430283
354928979 720714058
295600425 341003395
171953632 784669923
843455946 928451974
443202364 815991629
935365540 989275191
370919351 653333721
399923330 617127995
708968394 888492946
492253232 751677206
595509439 644999653
558444374 601707898
638646216 653154512
727556642 816717883
235547537 570864236
629314428 862222199
832095858 953249790
306561761 733122959
830789733 853169195
378169092 717419328
960074700 989331499
795445514 889975767
904354717 954575651
509829502 601694694
57566596 402755671
314556814 373908559
841673071 962618574
809830010 903067824
921545988 953930170
810563962 959116910
705576401 827550708
443749083 525904412
187377986 601925738
486643848 589957654
116222811 566640779
907290523 989525306
296232148 358554891
465690765 812417074
33802062 303316638
959957436 982179689
85397895 637597508
681249847 863935000
201423087 985782147
484181835 500802474
739197924 811731093
454019910 520104758
686979038 820952384
558799305 774856395
694039562 745333823
484211471 900038428
374669313 890592604
428600778 874225947
319140517 393939302
307680445 808842432
450960907 487872358
440500514 756591940
477596226 858183584
120013472 219894988
816933823 845958541
495230286 546865080
551186368 628796714
33538378 521555197
888018024 910944819
860170960 906203176
25580635 637683621
348966139 823960962
672692522 844365222
164521062 179382868
184312153 623974354
72299311 537249625
169103318 394859877
694844819 965961107
676185747 944553112
286729346 508745278
277091595 315963395
446271964 956228529
514072778 891231561
985254738 994141169
727450925 945290788
343571040 882846471
822005386 940158210
475299091 855791292
632865174 898143075
704694703 838184728
349105891 696285033
537546046 865772549
108516083 894869950
909507086 986657420
475955986 960126907
91131230 139185075
900895045 986082590
904170158 950882891
140304806 714553008
774122469 972945644
57820383 929549225
272471789 961407864
136733129 344969819
465946797 629404598
533543005 944890022
462898376 916216452
548010246 830135805
875492496 967071726
932408622 987420469
16497305 564335258
717513803 736696281
670223860 950447662
656991048 815929352
804867527 922215159
787054000 837991936
115327272 910239471
762673511 965090172
890251961 892654013
13167859 909853781
343304287 827631643
214919247 762538001
20181088 679753786
932744152 956223633
577263702 772664661
791278699 970316914
233648657 466589812
133850166 873540833
167372846 487765190
908293285 992284588
277515920 392314911
663212975 667125352
380599575 524515012
472871138 981833422
918235905 962095605
788428730 934637816
360418035 363231153
963361688 988341488
339082787 818956516
805573558 841883501
848076177 877400602
387346050 842951292
563169956 695442482
493311289 635148037
670578242 696839547
783679066 970643810
979403633 992465259
626910463 634840629
968901071 970743785
363544158 754195898
328708983 509183525
939268299 978690785
611453529 896167252
100522803 796603400
101297454 161114417
688812081 751136823
403164627 549551602
263090254 400251761
913289799 971842900
195511230 394963929
333938454 452453127
762108690 773639331
9779397 313661112
618328317 749795999
192835273 433950858
901033564 972931243
674654152 861977098
683097320 717226677
484104384 832727447
539012204 687208650
796029294 941496952
525026749 812612145
151286038 849988580
196434056 822645923
592141853 640879340
305461878 578958678
125171516 968667866
820545908 924369282
920018370 991109016
558030737 886375451
44770424 209927384
793209002 814587515
220234642 772843450
112392253 687450760
387187165 837727307
868603826 943034254
788792485 993102551
324551051 519370248
962485580 992319386
566107766 931712328
324602193 926227920
451335372 507496011
996219166 998589219
404560433 413526344
765926203 912938587
646798464 909136163
390785413 931464607
244687796 316187986
735892752 758657585
968871426 976375928
427884283 459735854
103582409 794920049
301300162 920480124
430198448 504314833
437074827 556078600
684698389 982090132
123641606 969129112
120910287 307250967
148116544 290480364
716728959 767054346
359098496 362838771
737112330 810718211
160161948 646086950
211287482 386357778
441380750 764919881
908445325 943934232
224918283 801117375
639900440 646546022
45960721 75094783
915107002 946208475
922316887 990670538
873642691 947428207
901133584 904642929
30962639 933282015
829582621 857445136
413246875 643946730
118772802 210470826
999878285 999958405
6697387 880708389
943235565 952804888
