156 696
11 139 415603093
9 139 218393158
25 139 76103631
107 25 845902548
151 11 505247588
50 139 844882006
121 11 49639243
64 11 17677318
117 50 603274717
62 151 535210482
75 9 226880950
40 62 667873558
127 25 876248763
153 25 359480599
150 9 812247685
13 11 142346131
112 50 393038693
147 153 913194605
30 147 268472545
79 121 986988079
106 121 66647452
16 13 788229519
89 50 299498541
6 107 694260253
115 11 270360875
69 50 687723624
101 117 321842775
156 117 167260565
124 50 382002297
26 89 236227508
63 89 864639533
105 26 245925708
114 25 64293054
100 69 174771498
54 151 380776556
86 139 513348149
12 62 111495936
137 26 71954504
76 75 308720518
59 115 154688468
58 100 867071178
78 114 514459853
43 100 993141525
99 115 515542708
110 69 929335304
109 11 838883717
87 127 340657329
56 137 292314404
21 150 568434961
38 25 792278648
67 26 28380812
3 147 608567503
23 76 995620201
19 124 274150528
134 106 106352820
72 13 735181581
148 124 516386751
36 99 679838552
131 3 186318737
34 36 87795961
93 76 395899246
2 156 827058110
24 114 689464281
97 34 96936943
73 107 153078336
45 34 675008773
4 75 310527906
141 134 741525971
142 127 729366477
41 38 637049226
52 99 906922804
129 11 400901324
27 121 636719124
98 45 650517114
126 9 561650507
84 43 593440109
95 101 117791784
1 62 639193398
113 72 157446617
88 134 869563259
57 72 886979648
108 16 2918420
53 73 812648541
135 36 520240602
37 131 517961999
83 50 812216559
85 23 381376844
65 37 225546081
46 43 943148191
42 151 493552782
29 147 941516403
123 113 529520423
140 3 873741180
96 124 279699320
132 34 949670889
81 156 943651970
68 40 424506863
71 137 993478887
119 134 573965515
35 95 804694316
82 117 612015571
51 79 9373468
103 72 770966820
102 109 675403682
31 13 839932510
133 67 249328217
146 40 603749050
92 71 286987338
61 40 969399992
70 93 197457994
20 82 241311731
144 52 614722091
47 4 438914921
111 82 479760505
120 156 61616943
128 137 207937876
94 64 860516120
136 64 256963908
7 24 132739051
39 96 836264529
14 112 358662285
32 123 26611654
17 132 573818247
22 59 197110272
48 2 318566003
122 7 879350749
143 123 126697043
149 133 576083630
125 67 642971067
66 139 693852686
145 123 240227218
74 127 460626137
49 29 679684917
5 2 467856434
28 126 741909959
18 17 134751531
55 120 874244962
80 6 183701953
77 88 479615134
116 140 986865593
154 57 749900217
130 17 491478731
118 99 37844246
152 49 507394792
60 28 677573980
33 132 715567217
138 84 466696724
15 3 15268701
155 36 868833661
104 19 572075987
8 57 950721815
44 120 314095212
91 16 448177290
10 5 960501629
90 58 443129838
113806334 600544513
485742888 944822304
746553780 910299698
926759997 982102198
237525482 854411767
528961131 553232347
791642560 943299609
423061750 779007316
534238017 555797120
987468201 998997817
522685605 774777003
62369676 282161691
449261029 451563246
619876526 807381422
959622315 999063301
494813446 925637180
192770380 228237491
456409974 690563388
119525047 904283291
24693118 927423981
227199922 236934260
537044034 773179015
83494392 370470188
838974131 866136940
18770598 733566614
234240196 951968438
642528734 837379142
440851108 559756762
494367405 897710643
719392722 868666506
386154283 962136689
258402210 618621972
370642895 598993492
513271074 664711356
880424149 965217413
679465607 884443070
306895765 764179287
496367456 931432760
618830620 824153296
81448098 346818198
714589179 989934659
177162423 627297405
889817192 972143460
168086364 839253078
176747810 786935313
282808653 461014852
930043009 991880450
905545344 927554486
350323755 645145524
914899396 954440437
953834883 959578496
286180595 812644741
183240727 275729786
812799737 979590656
620338551 827966405
115817228 777977756
428965870 937525404
356482228 597182925
709411360 838384672
656917221 889087513
133404746 991741151
308991746 815133992
532856140 827555484
735239847 978567926
217068948 429911855
458449249 769869047
115620165 927488876
193857492 386301569
814022177 853553362
654297768 899208630
485592216 904694674
7661149 959388094
71005542 552378695
819874046 953633537
100758011 284313694
827899726 884228087
777569787 920461272
551617612 622190393
385346444 476870394
189604539 856839873
918079987 944396065
819775800 956636853
716974924 832869664
802760355 986899579
847434591 938878024
245635028 386448162
735474183 990774938
429908685 756624139
131375861 388459064
911375962 947921418
359420402 875598552
870929642 988922326
859050540 879135138
887898133 986432548
438226754 800333718
88270765 528160737
498610295 925214212
502190157 955725324
889582597 963941693
512563532 543949697
994441766 998939596
429561543 445357334
943447389 965653408
13903031 490824184
366470282 728755564
661924243 753533528
917882953 952495945
95224482 940579737
80175887 371445974
845971765 975337892
607856823 613258112
141652281 264315573
512583940 622445561
505088073 908488456
54543552 930294903
655458456 813163854
489633831 537193971
682249488 797210066
278803479 806591470
70791903 744788822
748735506 972807241
633509444 825809220
368468729 443442958
792962604 817347948
41592016 489131157
915133887 931052851
204716685 995810009
35568924 263286197
957692932 973697840
663495602 846884221
133605277 488371979
673874049 893444758
954592969 982247786
628197087 994974678
806438085 968857945
961697322 984819649
983664657 990987604
153009442 681096878
810353808 931992356
921513651 942954891
191144922 933296931
557280118 883180617
329921278 526495390
413638042 604733338
1786299 850230604
731946156 843177547
62293619 974760701
789706480 890829157
223295199 795139801
176914964 997773197
644842337 720822765
309768745 611897925
483085963 949798099
844032277 853869481
880541483 942961869
878963721 962625495
351984693 620698764
95094286 234111128
159691863 172925899
166905004 499114139
720577060 933246222
599463228 677209255
497220443 739252535
316664905 680609284
372230684 929105402
98710241 724238814
483305401 685800879
673374232 987038864
669561152 849441674
13710635 938795111
680464513 826384996
714775367 719059575
539044731 826393808
861598178 897349588
304779295 914604452
758432233 802448464
497637684 638273799
380138460 526810718
64557419 446448238
852041705 971822015
483703272 910936954
405899183 922705564
13852652 871669925
753701889 947406161
895060023 978652898
880072463 908674077
237278438 464483953
759412016 866231101
437798561 526830655
249470681 881202892
849993123 991446522
844053092 947727578
758567284 844973844
5326407 727004630
985027447 998960146
362450256 383079523
930165761 975045988
597555807 914352290
614001865 875979646
419743121 826129616
924669960 926193833
382798102 581098090
577950393 745671870
989728552 994730374
781571649 850216024
101649340 331886840
834446259 956524646
968183324 973605551
886253927 896827955
511922832 732064153
885995695 980081658
81206118 897541441
272973752 476033478
930791247 949280079
44439821 471847069
79773630 164221319
478732915 527405057
90860857 438512257
492968315 903050171
786210872 977485478
339723289 988643400
271019875 666311266
180136923 260459648
100272924 697524019
321431928 326113494
503630705 750394627
168592576 376098176
150779618 952477144
226297898 840375164
298118587 726144998
930707262 980553928
955622843 955744796
156252379 369632058
742761151 864494926
767691577 858841961
915872699 966052889
628729773 744287023
598342679 954402260
426960268 982937364
876770414 990456906
914852789 937460016
484894249 745002384
403289762 733297229
54122050 904607801
470213158 831557910
74974389 546563910
690844810 857583824
187329627 957032649
392121899 930633536
556279248 641741229
911617006 925902889
547328019 953857254
113943286 134111843
334453102 368745436
737602372 866307473
959317355 982729754
116339641 319285730
654610142 720839157
728135388 934213701
296542804 517325133
812436649 951096934
110947932 666604114
257351103 572548728
527172 49674579
539810724 665527260
408034809 455934413
847864667 982984561
361520729 503730661
963989311 984465109
77445623 368929412
302130614 729837468
565006894 877249408
658181070 917880307
690903799 788606401
420798993 449793162
673963663 957190869
930100861 998348157
899875767 990502104
270894503 341855999
44664449 887698019
257318748 674792544
879937233 957506960
707506572 895170644
133681104 708166580
176390073 756277609
284700588 725880651
917286000 965864672
427312047 514944431
364700693 983847037
242293264 889540902
723618162 999747106
850127584 862299174
625477455 821767814
984801159 998547265
702509234 784597899
332999220 575690940
188445359 612322413
648870541 699022847
790460954 963072396
884937359 914167618
306325594 348431201
968515277 989508516
620591929 833504373
776415250 986560789
867726021 972770312
999956417 999957986
311374764 690619577
421407818 953879404
966332543 966952629
896011933 935134346
428569276 939726681
501800642 635661680
770031402 772938110
65766312 431453102
394405363 415628354
221437989 667079654
915664302 981987395
453034775 532752355
437892036 724496251
525340212 894238145
468891625 658093712
430000944 729505443
341125089 586819608
741163351 860451711
27544932 276633846
942582193 957629712
819016872 998080952
841582016 963999508
455182816 871568002
625799803 652995043
963061374 992823073
355277178 485323962
426724261 518011014
284629913 906576899
48252650 53661246
17430756 85377012
292527854 950664295
270105589 548623917
831439390 984094930
705634343 741872402
120508577 844929384
853548416 902211448
222684370 989322923
746708607 934005494
408938167 618857418
584931444 794325557
251944053 474577887
32330833 355633919
69506662 383603434
871635801 919794453
794105993 917934932
715064941 944201787
980472683 997988177
271007219 323568072
19390452 717426287
982141985 992743478
645253404 705076763
851835156 953359162
108720105 912154047
59374987 243655604
389399375 975141596
108014438 227399467
321752564 675352575
131267447 700218149
865425824 919974539
714093558 750597087
699391773 957656464
10562274 831079065
38110220 485115120
843082977 895553061
875726207 947894598
375107590 595755945
480993785 572227964
836957267 980381204
920953363 930553834
296460900 857876028
278524119 451077052
791619628 887685644
65612092 837522134
862362795 957378337
553801166 793502840
719271094 860242359
54259274 889270443
309524613 475955568
232221332 531341385
87824647 934628140
223004506 972707578
923450334 931611123
962372683 988414118
572418469 993511169
520115319 768776586
391198220 979636343
320851098 994315338
144435901 330397608
101996615 927538323
58393485 730347532
384038100 756978407
448333224 943108829
265939806 825710241
988084145 993901704
898887266 944051272
799361141 876789777
519579793 995513581
982261358 999036352
358488400 993908770
69665199 350299682
167003705 909369363
640153484 776954871
777538958 805403851
926824244 981890345
976800692 995579787
516424165 934632989
269533395 899356936
70213614 435734121
443652473 797943481
147556523 574045126
585033806 654950567
485396681 684868636
955928152 996571225
689798165 841540634
413504441 727787721
100764987 607476230
309972802 585362715
545533116 574465491
424348804 564968799
536868585 821917455
627529971 903577768
513396726 833177649
390726895 639288485
862748844 871247060
745998897 754316683
701951652 710460461
746082680 945819986
193170463 245891930
680288954 776423352
11604308 996335048
477356840 893622546
299688402 773580175
947943122 968878284
330848809 366516756
419608858 579291328
171796049 584859220
140299048 594253895
366971421 694915446
805046199 810963675
72993976 752752125
63895764 548116365
870882507 873067567
562849389 973149612
212279209 739254735
182095448 249476801
810776061 844715938
374374216 690826938
656645075 724098099
6406089 935891083
463248616 989765933
26665313 691250035
225015324 782343084
209076231 972848586
727834278 814424566
413897595 928834346
257522436 618949587
439526399 968500291
711662371 736287329
7615437 118145531
119829827 831107775
33656444 682208646
97114637 888781877
236560426 911370815
552495819 902621855
376138883 551311669
558728159 745045246
187228687 925523197
966745122 969153005
732623568 884240143
934875902 942476544
324713159 964490991
474213949 555773384
982765063 989150682
164263942 225735685
656164700 677390405
260251694 310865582
251537520 958692833
833859576 875086124
266220100 706441801
265048792 794655470
507509525 843529795
441569247 952381770
120108316 328470693
144363941 153148133
621490936 621860814
834385684 850817416
383162153 700665063
696259367 930903651
604795412 982426949
128544188 746293157
434263395 501840635
808485246 980174588
637888477 920094445
943446550 961059376
109679171 920759823
582518427 751386565
654116983 962294908
874309891 936914916
907980308 964539300
509130858 548705118
648888928 947241376
8431808 536357480
739839283 776953642
16585102 70156726
694805841 805857995
543201744 998496773
900421737 916710052
657544201 794903242
518117724 978375836
552005703 940759579
550595349 792748206
164572619 750751468
572539896 951159557
405561183 439194350
786943743 976106561
445008241 554812549
23264586 834258643
874419140 945896378
848563178 899630707
685116086 955760011
903482135 907573832
306614725 847853358
217629384 608360414
385463150 482369052
356606645 424309686
171537975 763493141
696311354 968619942
104359172 687555457
489316298 988454934
847826694 969895761
386931096 977638381
924060920 985492337
973287865 990873129
577995137 969593358
511307511 872282011
571981278 786836125
255681791 334851800
98632509 544267855
415452182 530353232
841893719 980715059
732025392 846992022
902880215 949775455
484760359 894804949
133436020 694600589
416449047 440678803
420916126 685282667
150814666 323830434
491386920 944639068
290452725 382741483
178160364 585870803
537014212 720809074
425276452 943976642
746912174 897672157
681268316 838184828
308428405 735200723
955239021 965734162
634871737 838446761
298153126 548719758
106113142 223062884
830379129 966357552
479544586 673245151
997732825 998365303
611621 811832358
40807016 73744237
270415943 909820994
353830454 877469015
750682566 870381584
395626682 735641739
855262088 966528729
630464928 737435215
376418511 645982102
169004222 998068209
1470393 12632431
411365817 765456496
436712607 760225407
390725241 975423311
861574778 975112946
102601699 816688906
123375324 629656250
250679319 978630116
551616290 672205114
779430696 946579339
970301559 974464307
286790893 965267004
137223510 805893513
546764911 639889117
321684903 785895342
739950521 750645663
523859810 614958466
389336598 851695196
762843103 855036383
182527317 665486218
388671149 889005272
311432071 788791350
151331871 669778249
718155389 913382736
715342649 733737895
956289955 960576124
406882758 779654595
92991847 487961699
420272249 698730648
881175918 896955180
994798650 999586643
193770985 209367013
670799046 788495045
29933145 414591077
789353050 999648707
45335155 296484304
723787395 890395624
228029310 735858505
298758916 496309291
565272294 575963333
825551461 948233095
204247392 589642656
777636759 793362891
60435018 592784615
569301590 864376031
58268099 269263181
154454592 711096649
842257325 878228738
245535017 416914256
100205363 597431916
152265947 928792577
151861676 862289953
906049005 951061077
633445976 995310404
850778281 919339288
276186904 889887806
672528350 833211657
965194676 984201738
573330339 926247666
934943571 981149108
234124804 592792528
878625189 888404521
809355910 957943887
864524394 892471999
311899706 395571178
843943244 932869099
451352595 645866929
532407414 638598073
319399192 633735889
278654056 315971336
679332353 828866345
299147659 337428346
795147481 855098068
690699828 928459839
322674589 511175562
79661447 911066663
232409225 785587376
46305673 661244982
971945273 984827223
445089118 594089669
640637101 878588923
353177201 979059554
563596721 578536246
588418670 903097925
773018379 982976074
520991922 852181029
318408421 503400273
351602946 603198588
995324067 998827435
834678775 897698377
353311735 359090725
718027093 748240268
826046399 877110048
197449753 535180041
754074297 846119166
628056920 942927891
566858756 672602158
443558089 695312698
874269470 975973342
851946798 867322885
220358995 504500143
390920421 717528124
167839961 844872895
96744124 858401790
595060405 737157370
343052183 974771758
551569600 809382064
631263448 965434940
650893986 969323910
669904790 747428693
155852033 927301424
652340257 670704343
19285318 51908641
682742741 718677764
215068598 767993361
923357040 964028349
92766488 266844928
314350196 420224681
