119 540
43 1 413647301
43 2 240332123
3 43 335070397
43 4 912143002
5 43 193970485
6 43 316299879
7 43 778520662
43 8 189085562
43 9 620626949
10 43 28111638
43 11 898820109
43 12 433423132
43 13 280644856
14 43 691995516
15 43 151338837
16 43 114794366
17 43 142080136
18 43 416216855
43 19 176336921
43 20 714409440
21 43 698214938
22 43 925372682
43 23 191561973
43 24 31040561
25 43 61796728
43 26 700268682
43 27 804148132
43 28 43868489
43 29 233879295
30 43 925028995
31 43 544419737
43 32 546283967
43 33 16888010
43 34 446936530
43 35 546987876
36 43 766842387
37 43 614035863
38 43 496434875
39 43 303974313
40 43 592557101
41 43 227623880
42 43 822491964
43 44 601499015
45 43 708518964
43 46 721705153
43 47 802811292
48 43 382244343
49 43 16452108
50 43 540128658
51 43 185465222
52 43 656239939
43 53 740955530
54 43 467387582
55 43 311621756
56 43 699281559
43 57 499574658
43 58 118953905
59 43 330482504
60 43 595115722
43 61 53906026
43 62 756859143
63 43 961931419
43 64 336394349
43 65 922730437
66 43 951676527
67 43 717191317
43 68 734479853
69 43 75156588
70 43 26153685
43 71 508277948
72 43 367757472
73 43 265244287
43 74 230659173
75 43 175311175
76 43 724847564
43 77 812707620
43 78 759523883
79 43 53707190
80 43 138223375
43 81 933439527
43 82 709196101
83 43 800813642
43 84 441346424
85 43 372195136
43 86 241509956
43 87 670450498
88 43 685699908
43 89 475784812
43 90 876846043
91 43 830878045
92 43 618898681
43 93 869499924
43 94 819265821
43 95 603622474
96 43 865765513
97 43 367153977
98 43 596764699
43 99 444366080
100 43 35728323
101 43 690106460
43 102 220663392
103 43 89198091
104 43 639851268
43 105 950424257
106 43 424466149
107 43 273820011
43 108 209727666
109 43 249231175
43 110 299141452
111 43 557118184
112 43 646073658
43 113 239871456
114 43 431508643
115 43 585509741
43 116 293989440
117 43 855178885
43 118 739490940
43 119 344879285
682902744 870809806
729326274 762359194
173694636 470299067
628352501 731837994
128791276 286957254
195916483 253959209
576276640 766706966
122422529 982222346
699991122 835644905
523423612 775871926
74891159 105362350
536806329 936439979
364303490 857762618
349885375 677079011
308616516 606680373
105983255 365447199
402756103 452859894
639862314 910922752
535326279 924785413
540521100 868139367
869916411 922973017
801431344 867789536
167833840 439458919
406863595 907456630
490838015 910187374
128561620 327496882
104607930 492602514
799098564 973762785
121135879 587930094
653195442 891529456
114372996 662575969
531250736 818810277
889655037 977569440
147483130 550034079
213275493 951773993
314176477 810277983
480283806 607772658
972694781 995617589
711174246 810120645
771842332 810522683
176355722 461134263
828849526 970385922
788127599 910629855
865564746 866532020
705111894 947776713
261336901 846978502
2954683 55897601
57352984 654568494
818344232 892600554
662197999 898493069
72644345 350181036
655051527 936103817
954913856 955712635
522226378 706961123
363754929 874157570
736394604 924581088
938253895 982421115
731526852 885454108
99497616 222514084
282479836 716437244
325934844 571030706
784568666 816743796
523634402 916841409
204093093 986691979
583939644 630009724
391967066 471529865
113238423 758215295
914909713 985239179
720539272 744835369
888957980 895323726
76134594 328911970
750444241 859331517
930135875 933366184
836996557 959299023
533164141 811903375
152964756 289114511
300630724 609881449
569900873 960335720
683305272 751908183
889574598 987406828
389391776 736605686
859097051 960835366
90602070 129400066
940579870 986406930
510178060 836057597
325590886 472732048
685412298 900097657
766463020 843310537
48854523 934225093
385205564 511650663
512344705 591115097
639836458 782459320
448928488 691809948
758865707 880000590
153814218 554589682
524420641 752560881
445386735 556866573
217170662 868114910
321517362 935500865
217593107 511541159
753389293 778251054
329276406 393676674
309123270 881138754
397681685 410370518
766864660 940752712
304872928 820902142
560743851 827100584
448633722 671582177
256693814 500484061
553841430 564113756
406235618 944758951
279179388 681799689
504342853 556742847
541419252 628744384
956894606 999942456
951760679 978605115
476232322 725575647
111358062 256244042
458556697 932415178
666115178 689810146
290297913 971130050
571131462 996777472
685255985 863057672
71762493 591555964
122808311 244233337
246724885 258916685
124187674 740505691
252603972 691181319
294960473 342329805
495951831 705866026
619202887 903183913
120301622 671990493
741436644 786770888
659466787 963537875
136349039 995055592
959000606 978209347
582780939 624799966
847326661 904835025
507522988 890591638
82227368 802723376
213691535 950727766
116092698 803417791
915382706 935864507
553962531 561949360
742026477 783008833
894976991 996196123
314162993 945438476
957806920 997744661
621589345 960446428
429409552 449765115
95368616 449628056
348974560 578481850
385657994 531294084
334347040 721740913
74072572 464717968
834338187 992231455
80207183 137332273
573065615 943902631
687758231 845189212
205265941 667942617
806524288 873443883
880317599 903988816
971531831 994819548
642706260 901408271
253112060 261036847
525628715 802511550
692637136 887526339
891546412 929614791
528150892 739423364
221350056 536468201
408300729 652659589
187913657 278632830
586437467 693545736
623432210 819264948
24910054 953569084
311510720 458360250
405548167 608632709
458363333 809359691
186595921 466947312
697214983 720293871
209286437 300918469
498994330 616268709
359214348 446335458
61794315 447288017
500062554 625695983
659712478 947305991
196425671 589444611
796654909 965928724
7557030 914035188
993782563 997259652
495973792 840474223
452215919 982403970
51555249 434064051
2025219 214856448
486541093 757754511
641515755 896656864
672919206 895723131
301461878 515874567
663798200 826403949
43256729 791168970
484624820 817735489
969230766 984912995
329100818 626399488
309114079 704587291
194677075 765836304
262580801 448892719
617639788 710984536
924554468 985858107
371686161 452244724
983026516 986451190
482686115 878058093
195219809 220176032
56504943 805167778
641411654 675052587
159606274 644783036
575204833 815450419
41840559 873538568
950433041 975363522
288872461 468211369
740403653 877498711
658560511 881999657
818746141 980830107
16540893 591604792
92131011 303601867
890621728 944811625
296251455 995686226
93074407 289542219
559016688 741219937
158657347 201460909
177570278 805700719
849401605 951323835
156331190 941759846
175344167 274980234
193379694 502492751
463342078 615118619
152293656 845134453
768492564 818492498
347590182 435403179
29330838 165811463
288615664 509778795
795667628 997305073
282506498 537026694
211896300 681298678
899461312 931495477
878827275 919590602
1103165 621290088
16353005 63054449
474456140 629991358
999113130 999583313
158962173 525076462
907970854 992629101
728378727 805898638
639859231 763110019
565851726 808937867
598430373 829339147
887122496 946010873
642775027 844015995
560178534 614382988
617293552 941261309
807626396 875698638
901513671 982508901
734076424 970434951
884476459 930982486
552196570 951680747
836689766 969365387
824259106 876384059
309096137 632120199
590021670 961749394
155360597 270726890
37418708 203239174
241791098 688546737
562048081 724207460
536488043 671379994
25682078 760845668
400584113 888264119
600256327 647504032
170973155 527264313
901706580 957030743
366798008 782775873
264378534 604701651
832371329 903613409
87231311 189597988
280293755 495532941
88883053 397702171
384031689 692568761
4468056 756557464
572160399 763375544
117324469 999763325
787794882 849196115
207088589 805400348
350326083 875938831
985881318 998363147
314382957 356897506
624418567 975764152
526075495 717790092
744281071 982921829
448161978 956528997
45475420 293557678
967419617 972915390
972747913 974336175
812950267 849715501
420407550 573487205
81722187 118132492
484981963 722643957
808219706 972926322
127868679 827799459
870931100 881228078
112359606 630843980
766428781 853454649
39701587 686099764
726455953 772671259
649879096 734078341
933652376 934049568
509793413 885637168
749124108 870507609
305499741 492406800
378001667 384624332
268117863 962318425
540628721 681745845
193381233 242961093
784958462 979718324
979219544 995445484
802220535 898992040
827893405 893798016
297515814 475858356
664854409 929290373
721556505 835341313
857757257 872125930
90429770 814554281
830257295 904700623
225705713 526704199
778822248 915291494
152390410 281394949
7017123 175184944
630110871 875197655
498692906 868002245
612662699 783814203
598940406 985900469
619326752 841103688
538888809 923715339
642499759 958653423
142992589 391404000
705197641 845768246
476730004 620798795
360870985 403129898
326888422 359872119
887650192 996598198
760526125 859465323
880897915 898614911
74207697 610318822
934828784 950244333
738038785 841787716
921208535 945361757
542233265 935816832
425425549 874921457
785780036 884351143
870843502 979779556
189897525 391536742
972074065 983429272
459635147 517633146
101027837 489177562
254538398 793549111
61707003 572324272
407363316 421250634
891355876 900250840
783983411 845297753
340533561 759295679
436961804 855812427
854996308 963018728
760205343 764051816
766195099 989829551
992346620 996427678
283390916 508399663
373538762 961737717
137211650 707661993
447803098 614677258
729424369 815838529
106366495 276946384
864742204 945584675
797631109 867934807
222120212 856599314
646739419 721368983
915944947 916173931
5438489 294060935
195648224 864052857
260591889 838742801
120871667 781351507
715207801 832170399
811378595 895542047
925243011 979738257
354667547 763260067
492719958 975740766
19479467 230908293
989713739 996806109
170245083 916654921
45767594 757254007
784332413 967682998
875888650 932526320
437600267 810155868
620905011 966802072
308196679 682266077
986468714 995601325
812567618 855449367
261806703 581126909
552523366 573233044
418151555 996094877
481701769 599731572
643363056 841980736
947541133 994139396
311862031 965002074
860781144 930380508
657964535 931018558
723682432 987565116
538015242 746826404
662527675 985665601
357381119 988164311
542460786 985619015
256944512 410575895
332746226 830496088
51451104 777947219
965464594 973298564
427917607 883016057
672773398 987689493
355158946 705337590
113878218 940853267
222408861 939684239
590948871 784281894
943353136 980455245
379697627 975869472
911697972 985417165
121667670 693136979
905101470 985623635
140541466 868881129
857750447 911748446
792944006 963029556
610685056 763822961
449033755 490280998
454371005 906632345
972636175 999552663
95597474 801056423
732952191 931062830
92787687 588897038
810790682 936452703
669735249 700234724
764541706 868570730
136872056 568187668
290240044 563766407
965005508 985478343
905142583 977237563
588873047 616163521
643314449 921089546
586974082 819766156
922388217 974072613
650851777 977499037
154513098 436887950
53402404 737441452
220236232 298336336
476297546 521974074
958417529 959857696
957461322 978250930
607045720 956804357
573419643 742735675
917007817 934096755
538081303 556170110
174699340 815700580
604095031 807225334
466819754 781475874
359987225 809529974
725260056 847698088
5851076 871320735
410169086 656958622
264863536 481952031
322204250 508407488
815228511 980582412
109495022 448585497
36496753 900451184
669625165 752724626
393619130 973970424
698359851 701753840
394554487 968436690
96130453 918962326
312250497 662461200
451145884 566899857
734453268 915645937
781679558 928359353
168525445 507433069
525755557 978356922
708157330 861760881
306945958 813612261
597043257 786240293
506135085 709050018
716984032 858858499
417281200 934364318
26304642 929895967
641175677 647833305
139654043 348428349
216038960 635016924
901990148 978542219
394589421 608328095
544018409 890568649
379369876 983969893
658359021 875440628
465488501 629683267
351728805 786929989
462658273 958734369
787719480 854924860
482106923 507127963
811715787 900486769
104396123 982972252
441722576 552363538
567329519 666163825
986412046 990821259
288141315 432583980
666974496 816667562
852966578 929051786
455034626 961843129
77094984 552910202
522404409 602856902
833403117 912781377
393728946 558258370
158157003 222343332
582265717 669316313
508670025 572974833
829281613 947806582
241722825 950420478
475168098 890232396
213198382 915975720
918589162 961056204
565823652 779573514
549737936 890305936
653177621 661741894
592423180 952523393
231032972 822349192
276148556 290173393
626151394 769092312
707942746 988282626
520409771 870691711
711663629 828828561
208864706 987476360
913785513 968658759
