587 295
255 1 426275791
255 2 177402394
255 3 770314686
255 4 231580158
255 5 346868940
6 255 749084953
255 7 15213780
8 255 259915618
255 9 780806168
10 255 988233896
11 255 667045082
255 12 12164257
13 255 996789510
255 14 199088727
255 15 226485549
16 255 932055356
255 17 330966686
255 18 841175443
255 19 65954279
20 255 338478240
21 255 110218475
255 22 421816736
23 255 831291597
24 255 877749546
25 255 158555618
255 26 829374822
255 27 859839066
255 28 275558953
29 255 242648699
255 30 19026019
31 255 286824141
255 32 195303689
33 255 836805743
255 34 416616207
255 35 141383560
36 255 162956259
37 255 909866402
38 255 51032963
255 39 278427425
40 255 113209430
41 255 980294171
255 42 550312142
255 43 203473047
44 255 875554251
255 45 496140746
255 46 440660259
255 47 510420442
255 48 285933630
255 49 613359064
255 50 611184204
255 51 685702661
255 52 911846278
255 53 308661166
54 255 848085603
55 255 739120490
56 255 492731244
255 57 725264973
58 255 645209122
255 59 711507582
255 60 127724353
255 61 14284540
62 255 886979278
255 63 497366039
255 64 333854386
65 255 381778644
255 66 36810847
67 255 912292136
255 68 552631040
69 255 763276241
255 70 96177168
255 71 959408125
72 255 69247644
255 73 369503543
74 255 763330774
255 75 543596271
255 76 78749821
77 255 644482338
78 255 494226923
79 255 432676213
255 80 894088260
81 255 144774039
255 82 465663884
83 255 291531976
255 84 755300884
255 85 5574424
255 86 281352871
87 255 509000070
255 88 192221691
255 89 10086282
255 90 556291153
91 255 614346381
255 92 362389707
93 255 973424398
255 94 25794228
255 95 675917429
255 96 871309125
97 255 698520217
255 98 272532600
255 99 10749679
255 100 977963390
255 101 967992617
255 102 642673051
103 255 847665192
104 255 735215280
255 105 91998785
255 106 229291236
255 107 109008398
255 108 776291715
109 255 197342558
255 110 712064000
255 111 372711880
255 112 156510508
113 255 443827908
255 114 573405722
255 115 514472475
255 116 533499585
255 117 867025691
255 118 282315122
255 119 517154943
120 255 850689284
255 121 321633599
255 122 322901606
123 255 815832583
124 255 50335897
255 125 607072947
126 255 477629369
255 127 852192191
128 255 546175200
255 129 383399308
255 130 38822805
131 255 852877458
255 132 304515301
255 133 813473069
255 134 467287393
255 135 805565123
255 136 65655909
137 255 301240419
255 138 297982836
255 139 862885547
140 255 310154857
141 255 207383163
255 142 919370798
255 143 511861851
255 144 315981854
145 255 190062982
255 146 34376298
255 147 339891524
148 255 153533770
255 149 10407625
150 255 48575024
255 151 817162614
255 152 319851444
153 255 789765226
255 154 690780836
255 155 987867196
156 255 696114785
255 157 755372108
255 158 270457479
255 159 787324399
160 255 287578823
255 161 342474278
255 162 770340353
163 255 746786798
255 164 255670216
255 165 11847083
255 166 302718506
255 167 519445387
255 168 78319412
169 255 320148915
255 170 669326651
255 171 161289239
172 255 111169823
173 255 954887390
174 255 901168838
175 255 645634270
255 176 383829865
255 177 573181352
255 178 514925883
179 255 512498854
255 180 430173714
181 255 847188093
182 255 775677306
255 183 955250750
255 184 199742061
185 255 137577455
186 255 679318754
187 255 547196954
188 255 226050533
255 189 515595498
255 190 483527864
255 191 241356264
255 192 929891171
255 193 194404645
194 255 481792638
195 255 537344567
196 255 680329046
197 255 209668227
198 255 407566631
199 255 565778575
200 255 641500911
255 201 112022133
255 202 325539460
255 203 5939720
204 255 513714274
205 255 518074640
255 206 270043671
255 207 10578285
208 255 225033773
209 255 883853264
210 255 532205509
211 255 778913080
255 212 129533193
213 255 224882809
255 214 443008312
215 255 297063827
255 216 480437575
255 217 109741525
255 218 89021147
255 219 846315440
255 220 394477502
221 255 266713173
255 222 45976062
223 255 458532845
224 255 260678065
255 225 645282211
226 255 95684336
255 227 865196918
255 228 481581588
255 229 525386385
230 255 365636578
231 255 783103139
232 255 121404719
255 233 981672110
234 255 587753714
235 255 500630833
255 236 578913423
255 237 354399888
238 255 228855059
255 239 444161034
255 240 353823774
241 255 912459353
255 242 164508641
243 255 460580526
244 255 262245461
245 255 349191542
246 255 255726407
247 255 327228950
255 248 543614356
249 255 627175935
250 255 703751621
255 251 411901751
255 252 51757040
255 253 674078899
254 255 834829227
255 256 110492584
255 257 408434622
258 255 313978257
259 255 870227056
260 255 977527110
255 261 509606662
262 255 182004590
255 263 634088804
255 264 24139121
255 265 110985225
266 255 920744307
267 255 567183300
255 268 823897104
255 269 713023416
255 270 306791477
271 255 22133361
272 255 583260822
273 255 12491231
274 255 36707100
255 275 1615625
255 276 48101966
255 277 350712424
278 255 476430084
255 279 247377544
280 255 109184492
255 281 506900745
255 282 701799715
255 283 621162287
255 284 806347828
255 285 605705394
255 286 28459415
255 287 851817627
255 288 680346242
289 255 46045755
290 255 336059988
291 255 411711498
255 292 204522798
293 255 399512142
255 294 362635633
255 295 161884289
255 296 453234151
297 255 792185821
255 298 270636897
255 299 770173123
300 255 710949917
301 255 933687169
302 255 883872314
303 255 658667974
255 304 794275734
255 305 485565693
255 306 386821409
255 307 242418695
308 255 397350276
255 309 535824897
310 255 974875484
311 255 342061054
312 255 311061355
313 255 137985976
255 314 758587942
315 255 860056755
255 316 132365537
255 317 295365769
318 255 3188821
319 255 92249277
255 320 807210080
255 321 181137083
322 255 522026602
323 255 333821907
324 255 255759311
255 325 887788470
326 255 424115741
327 255 105412046
255 328 456794789
329 255 147247695
330 255 469771267
255 331 227957056
255 332 73979248
255 333 292343535
255 334 813436463
335 255 804502642
336 255 890400122
255 337 735872530
255 338 962032300
255 339 723624902
255 340 534160948
255 341 223672169
342 255 4283806
255 343 320984530
255 344 90699750
345 255 788559121
346 255 482134082
255 347 428037020
255 348 998720940
255 349 189440135
350 255 982309574
351 255 840469504
255 352 605460063
255 353 660570709
255 354 71437631
255 355 27597638
356 255 459659270
255 357 961606442
358 255 831841
255 359 686751411
255 360 952878711
255 361 903637597
255 362 218330899
255 363 265291190
255 364 945856842
365 255 715964611
366 255 112539985
367 255 249234282
368 255 592878039
369 255 746152594
255 370 621493117
255 371 368890432
255 372 637603151
255 373 847072658
374 255 328470556
375 255 891998680
376 255 115917524
255 377 753973806
255 378 385369927
255 379 647285652
380 255 658901534
381 255 461568929
255 382 648333819
383 255 646328125
255 384 331342310
255 385 535246242
386 255 492231897
387 255 85174751
255 388 421552550
255 389 570300802
390 255 648106326
391 255 96861571
255 392 291993021
393 255 807482878
394 255 864673206
255 395 239533324
255 396 220323088
397 255 325937046
255 398 836980449
255 399 780187427
255 400 252672816
255 401 675030075
402 255 203220355
403 255 637069949
404 255 484242980
405 255 912049853
406 255 211172036
407 255 933019186
255 408 828485801
255 409 552354231
410 255 623132821
411 255 615425468
255 412 7953251
413 255 605131991
414 255 222352078
255 415 437584066
416 255 849907137
417 255 780744025
255 418 185661410
255 419 219406449
420 255 592038606
255 421 523839392
422 255 747848466
423 255 23542620
424 255 392121944
255 425 855832210
255 426 836770498
427 255 321421461
428 255 666213623
429 255 589217425
255 430 56487435
255 431 196769420
255 432 47170201
433 255 633340028
255 434 98100965
435 255 20932938
255 436 913267132
437 255 24404687
255 438 650532746
255 439 622192973
255 440 471850495
255 441 811200746
442 255 187273468
443 255 483498636
255 444 984633983
255 445 154236170
255 446 966276182
447 255 744002751
448 255 204107943
255 449 728439273
450 255 476645835
451 255 214871773
452 255 969978168
255 453 279759925
454 255 116310374
255 455 345462046
255 456 732154044
457 255 145966056
255 458 883454179
459 255 965145041
255 460 97372235
255 461 86888857
255 462 436906694
463 255 786122595
255 464 402774651
255 465 57161087
466 255 629744364
467 255 167500461
255 468 219298264
469 255 478066629
255 470 516598090
255 471 6693594
255 472 642753266
473 255 189946462
474 255 591538892
255 475 246022045
476 255 768284540
477 255 319866135
255 478 818855935
479 255 237078878
480 255 502299658
255 481 760357976
255 482 632473988
255 483 715084656
255 484 427592857
485 255 827590808
486 255 771315502
255 487 321791795
488 255 487489433
255 489 703807995
255 490 408389236
491 255 498207045
255 492 770602859
493 255 787825095
255 494 933216379
255 495 934110306
496 255 266693742
255 497 903454391
498 255 941593491
499 255 394159100
500 255 745812421
255 501 407988810
502 255 998853460
503 255 343014968
255 504 704493276
255 505 216453889
506 255 340876451
255 507 73468169
255 508 951454980
255 509 756627341
510 255 531592615
511 255 905429405
512 255 264662111
255 513 855716010
255 514 337633895
515 255 609856194
255 516 68308654
517 255 661081496
518 255 771550898
255 519 908678695
255 520 317232055
255 521 828635397
255 522 127217941
523 255 784861432
255 524 864439266
525 255 851465512
255 526 466560443
527 255 596987264
528 255 192741011
255 529 498409711
530 255 370396666
531 255 636132880
255 532 741864272
255 533 667635822
534 255 720842936
535 255 135101473
255 536 235835974
255 537 957607298
255 538 335468602
255 539 34672053
540 255 896591553
541 255 761109837
255 542 452288524
543 255 717586557
255 544 400921707
545 255 148425840
546 255 847510659
255 547 727105129
255 548 503228381
549 255 206682323
255 550 859546339
551 255 860095850
255 552 976698617
255 553 957602822
554 255 2580078
555 255 814893595
556 255 677624945
255 557 918935688
558 255 974455296
255 559 309903749
255 560 479351175
255 561 519791552
255 562 592782384
255 563 495320582
255 564 957804794
255 565 637414986
566 255 681533905
255 567 701475292
255 568 657393989
569 255 332473362
255 570 202359193
255 571 677414033
255 572 660705343
255 573 904478623
574 255 428211823
575 255 89231020
255 576 895059000
255 577 155292116
578 255 215522559
255 579 89575056
580 255 448308782
255 581 568782790
582 255 102372969
583 255 388960874
255 584 331734065
585 255 633917129
586 255 785790175
587 255 525592926
507309886 562780982
407710940 762541161
465018542 865605068
48805485 933924337
867829073 953352952
95105095 521737257
599327396 891459013
932512112 978702363
27854297 647469672
676355691 829507977
120037525 630967282
986405620 993673106
397631647 707603178
306059651 997403981
148009179 342342570
121829539 316328714
902940325 936242417
178914173 515468444
575585879 988764909
770046504 853276469
693771019 762827313
141901152 642351754
849997957 925305394
473586491 643351110
628140364 969850715
530479500 751413545
188752843 820609130
333216282 618721669
130469052 531890990
566038772 784260757
862539962 912772584
803387759 850755972
523039839 614777884
120775475 903192516
166069286 242314970
684525384 901802837
579060789 611275767
974980463 985855375
234548636 672414240
593501889 663995751
537240782 596551736
547576094 804808438
137592615 293135639
175033075 715037651
270525748 805720716
529567512 660317215
432287858 478876175
554997778 996082727
982161673 982268489
65439420 800568684
142052502 787157748
891178452 949936314
856801863 880732296
609506924 746297154
81312403 999386431
374578690 543781094
773264816 976299953
374742485 671959453
450199462 971171652
45041715 734929039
352140934 886505145
523224510 969146387
973652108 995779312
179305863 426797587
147123613 559040366
222412165 939596656
95854945 256521216
248342477 314254897
169314518 243532235
824840192 855984806
525790687 813542456
748760309 981483684
297956649 379068062
771214469 785401602
822274795 901222144
306347301 918842626
977524815 978361749
673808838 762344741
156309611 600248832
663897613 924320264
91287365 875603314
785872965 811903385
401584829 858046068
234270769 940663220
480627155 681629593
601952458 742289022
416336645 696952717
144052398 253048672
704007785 844541321
161641030 899849270
517700602 955835632
99880933 648644635
13709588 116397316
462803088 975542487
368564516 524339255
630460802 939239042
688882765 896015838
727829471 991720861
776452869 906826198
522278002 943761907
694367413 739359905
906410635 912062545
323571890 328293844
394840949 867590677
230379476 231973323
632833595 717340609
335396190 635771155
700498416 849497973
259005568 498867179
524352576 525621170
636519204 807584805
831250868 844772295
623943521 767366910
538351899 932025324
22247576 140020127
121815398 186287595
737351015 835723105
734970758 775885969
540538679 560862816
630730910 863194529
139799566 963139369
923911705 951868162
967334497 980294882
366359495 884963445
479736409 820384814
162618484 628861822
514630194 766544466
704951043 715940613
441232365 795679550
560314163 866366358
390940030 391391240
554849668 868657789
424845388 873273588
258202710 882938326
137171538 380518727
641871273 654416562
74344865 418817745
96314048 427340117
660506753 951355122
155740717 988487300
831667474 981725352
932335569 943208682
438797675 783605320
644824411 826341289
121691276 459438110
598466378 695695965
583339197 804368397
661892259 962236415
809473296 954272543
995962870 998422770
112987019 470809772
897419305 944342918
55342054 818758776
257710979 919819806
625858382 820640482
929185467 972894583
667864112 812612931
374622568 696430948
807880496 820275823
934086051 959602597
542659837 585167254
972957201 977015322
588019768 888013472
398552295 685787740
222100907 583282275
756653581 831976954
344732456 647742370
171502362 966881778
554203032 830317955
168399956 667882015
745195004 922053784
850844904 883357434
369009270 782997765
115749944 574667946
332014784 978425819
396288774 719963099
927552461 976703221
839193441 902812863
409261361 523025609
323600525 695349417
953776703 972382381
661502235 957983921
5799802 939277585
662314055 913469401
245153045 656846591
559792243 753457846
368722160 400380339
955239702 973711211
692794719 767664805
174361949 490308275
805954619 995696575
669576791 976118571
375174462 523597816
922017204 959912244
844721568 965415452
471154640 482045263
75883033 700720984
861357821 883093427
369184591 462260335
71837174 420684957
862570544 887535403
547524536 855100209
826636939 905782870
565078028 784873729
391515870 637720286
662072698 748555537
305315505 632345558
102272687 847854442
552018079 603588637
408255116 961166605
109818755 166785783
534412211 818734291
350890179 710017075
338260027 397056040
581532727 857799744
300348195 441133915
519430789 577609877
214340201 381013957
836853673 927614031
372697726 687029655
783042639 919328942
196985337 578630216
562843681 659851767
423030985 582794106
54756701 422615041
331911342 901609648
460731585 887970799
52293959 656504669
831287398 983409017
458282794 542438414
890540526 961508239
54635798 737124093
464954419 609551400
2998334 427661901
3852879 964630405
553709448 824706006
546723764 818987640
836094072 841073526
546431905 931191559
533285689 962843612
687156936 949029406
955524853 993823064
206385920 275371895
318237161 556503426
665030710 982887839
530188780 827801180
561679443 967597622
434017102 565476604
623094775 959137530
240405251 851937766
674919382 939713502
286924302 397933987
804241005 961729228
993772638 999731913
122076669 352294482
198826609 429812763
983899433 990247936
709554651 968388558
613843226 992347299
102633211 130694451
292877145 657091336
396869826 528582397
227066454 581442898
695005437 943649927
510749982 823051234
253929212 312358755
766450918 930891628
436478837 684979032
537326601 742974048
548678768 970686399
290516064 807753256
103454328 104634605
227229092 911513462
283803141 867581868
285531557 820252927
680861728 900534174
819545759 904155930
959008814 975077947
840529728 937302050
111357529 547816498
270505806 729043012
291642348 436769058
572902160 862289632
864667950 893254290
919767122 982620508
883080970 994167746
798423769 881682829
539372823 814676554
316932004 394756199
420765920 483984120
96089844 476975191
829195981 912758400
611673649 732236363
931491062 981131122
773305770 954596052
