169 249
87 72 38776
68 72 38978
44 72 80746
16 68 17459
92 72 2923
106 68 4540
66 87 17315
107 68 47334
138 66 62955
47 72 79647
89 16 74344
30 72 59061
130 16 85237
73 138 19138
1 44 77103
41 47 73127
144 1 98150
33 138 90997
142 89 91988
118 44 84681
149 66 42095
133 107 19814
93 16 78853
132 149 42222
101 133 29603
151 130 22998
122 92 92876
29 1 44239
100 87 99718
139 122 98053
143 142 73460
123 143 47868
12 138 33456
76 93 99514
3 106 96302
79 41 10248
50 133 4096
34 47 17406
81 144 41001
11 73 12767
91 106 51005
40 1 40799
113 132 51464
45 1 73777
136 139 22488
115 29 84034
39 123 40225
110 30 51726
62 30 71116
65 130 85598
25 151 77760
88 118 95578
22 144 71834
74 73 451
19 65 1676
129 65 16607
85 122 67556
53 87 18103
14 12 24119
168 81 99152
99 123 64573
90 65 89911
154 90 38009
9 101 10514
94 53 57351
2 89 99152
8 2 22475
126 73 17868
75 41 67740
117 74 32353
17 76 90265
26 151 89062
146 12 33460
169 22 2187
48 88 6367
5 17 32091
120 19 93943
167 11 46149
153 12 54906
125 72 7309
55 40 83180
58 122 68393
46 34 94622
78 74 10066
159 94 87489
82 68 96376
119 113 52039
21 119 89583
137 168 97733
157 168 4997
59 169 43776
162 3 3938
20 154 24974
77 62 87532
131 76 86825
60 20 8740
35 115 88204
140 117 16010
105 115 5939
13 153 63332
152 60 73680
134 3 20955
166 45 33514
67 151 33902
24 131 86012
156 26 74065
18 35 24294
165 53 24551
104 55 58032
38 82 11653
96 133 13025
83 120 80208
70 110 88335
128 133 3529
52 169 13602
145 48 27279
15 139 64793
6 119 32452
4 142 22558
141 74 27736
121 53 75666
56 13 89430
111 146 18420
135 8 11767
54 125 75830
103 15 5277
163 120 50600
147 165 11606
43 50 70870
124 58 10442
63 136 52062
160 53 2806
164 65 55656
80 166 26548
23 122 60445
116 45 77372
95 29 22835
61 3 3324
109 154 57576
114 144 83405
64 33 26385
98 143 46610
51 1 29947
49 2 91397
155 146 49904
97 124 47309
27 66 22826
42 117 59501
108 14 61899
150 139 87809
57 70 29958
127 45 8810
36 108 18605
84 56 90871
112 120 89874
71 145 47029
148 11 43583
102 150 48092
10 105 94295
161 87 62024
28 93 41473
69 143 87476
86 57 1059
37 64 71923
7 135 19923
32 23 70058
158 101 83537
31 100 11997
386747076 732335072
908790302 959452630
416836196 730258287
318604689 341973922
859773806 969567180
77619388 425192464
940545903 966597393
450828189 991609625
352949808 510375135
12366769 650606817
901240433 995924084
817275370 883085277
247678578 460410015
97744639 961488193
254170654 807534216
156675974 769524065
609135765 788065732
858197615 993294849
203340191 346760744
370468338 882793057
144163251 492180421
667169976 752846002
222828724 390030606
818766782 850066465
734624150 997115188
798204011 877850016
633187802 870636316
6434127 470687426
122035867 992801711
277498955 929120186
814554229 823282108
732456311 904622940
173938867 619005055
913136799 914829383
317477858 622465595
655986763 931355580
483575486 558773074
627682841 842449186
603194091 929051761
787297681 936278235
344476857 473096397
464201952 969740823
621806648 933805302
8685113 206455099
291692879 851257199
521997007 660372545
193818606 971332847
772098714 974816070
112984265 797205774
776156045 923996186
882846851 891581157
736149640 826290106
984904575 998331704
764158050 838575727
237499030 494243944
882625772 937489815
261219936 421708581
892857550 986809101
632275021 938266277
550457237 612724667
621678624 747224192
422620192 513392921
290415354 567283691
494343950 845121604
148237250 372034689
665331430 938726796
587185522 876270499
656269389 884713917
356467185 881094856
555282253 681274718
13396053 964054802
945248975 987230634
129896885 580997051
782966600 948402572
211982407 212320043
132392028 973086171
795492067 802795708
405994060 424523466
73654273 555053939
461966399 821334056
1568803 191202433
144722377 767215979
275194331 307511949
535239250 824979169
130740647 567922312
749744784 960153316
126740084 733071780
901670450 987899575
404675742 937111434
536523012 991853881
87297795 435356794
977880890 998152500
916387508 939661536
637970685 907380844
972128856 995415684
458410140 588027641
913176325 963135370
399649214 430452220
651666146 968298986
373507892 945018784
29217788 536045054
434884824 613612635
387980501 441675550
691170330 981686815
201932251 823001937
710165046 956145682
327280491 877799620
12073826 889713300
119174246 962007915
363223325 946029231
788422973 891089853
823298375 876693200
815625793 982620575
71854845 93224519
886989746 910406902
92248002 680968131
883051016 906382094
340470956 611199941
227766531 738085751
210352385 972651197
82921166 975490211
535005830 911153630
842460446 939181895
698405895 936460671
175112460 837419395
897496945 973789114
329873016 624308186
179795196 283569469
419133805 652140878
101150671 461763323
365986159 453686816
169364192 625794664
980683700 992435805
108256845 235295049
860688066 970397362
851494103 929402186
934758726 973554681
280116973 313104659
231702909 614856110
472949826 762241967
111764320 368852329
783701262 980578761
232763697 553620885
387921206 966510022
35856977 132057630
271765698 803768044
911664962 940065313
572859347 853164156
786118678 995817027
222895551 415308305
210644539 712147845
72517370 278677717
212303431 806719026
106537562 117456706
815570150 953867284
94683282 330280598
954531651 988246394
934749750 957245220
173153607 996437554
643325455 765348256
781468873 982427424
211526476 273609826
714245850 755411986
685981641 831810933
982283513 983129586
114314211 403702293
488092018 809589924
603752942 660287131
619406254 668004996
919347939 951858943
279053936 367633634
430063405 830625020
185574078 864544506
640271275 825282526
935924674 940110942
512621620 841351541
96195657 353715963
199606095 526053490
259146395 424742806
385576390 844047589
958947700 992767509
370569877 985138934
46351878 875075130
343476762 734753640
806371789 914883131
202485227 376863673
541704329 548955678
642071427 860431437
913762002 974913072
944622002 966711661
318800439 779023607
979717010 986332383
821078908 884234556
364346366 635836959
936594218 990849685
34979 218596579
159794779 991192083
481555676 621289857
99607864 626466836
124716178 400344378
470195120 726513969
796136954 877795834
159930250 481863176
938810350 957187528
698481110 705222021
974039839 995061179
484258371 633961934
278915874 800556700
202115117 845989426
169552536 851397056
968436014 987280019
15325443 297099542
380322237 567332153
510531644 763253586
692223853 803266311
175287579 859763600
60651350 529779923
842125500 948530192
295683547 716432576
411219990 498748833
151036134 256906031
678883338 928424046
276636460 482499211
292356585 802598661
619499682 628501900
314950856 673215704
460325882 883614476
853605070 876879610
440401982 768960089
737831723 752234935
25820650 494396316
985327839 986339463
588578166 758755248
782359889 974556595
42074930 493380303
789567229 811968138
728688061 738348910
508109200 656782239
617723850 777730419
377816515 637172688
523992895 603994730
136107273 798389572
173829325 914090214
970155780 998078171
190088264 801080693
576893439 796849223
352374589 882836265
935276558 941624907
184568688 382324038
