176 551
53 173 503233690
158 173 677274115
32 158 903109723
157 158 949445539
89 53 909108542
99 173 537804470
166 157 290800354
78 173 673398543
125 166 237250986
167 53 337847637
165 173 727530773
36 165 325826140
52 165 117469524
168 125 139906518
7 78 217260380
8 99 585719022
121 166 955630841
63 89 87793855
102 125 689862445
155 165 479911912
98 121 211085217
40 125 345548963
24 8 735309033
123 165 848928710
31 36 200555147
122 167 409674111
104 52 684879292
54 99 968073209
38 122 233071941
67 158 203606745
33 166 766370253
112 98 999266772
126 32 637136686
107 99 527843857
35 24 129208439
48 7 710740251
144 31 539279640
172 40 287774968
111 40 431171019
28 89 804371813
72 167 871337860
23 31 699438191
130 36 109844080
119 7 67462820
56 104 12702009
113 165 448436838
148 36 952655248
77 122 652582391
88 123 438000904
139 88 397127555
97 8 798567233
73 111 490361288
169 104 121843613
65 7 113376681
101 36 930944644
135 54 30647245
143 165 539581994
110 24 812462081
127 130 575492135
34 33 577044214
154 24 965514027
42 23 826049787
79 168 656832343
146 139 502800790
171 101 783230391
21 79 640472083
66 122 619942521
162 155 688726007
69 166 393849867
50 40 362456476
12 139 45760968
49 53 677339691
86 155 464542424
25 40 364455907
83 23 442997517
80 12 974869066
19 77 883856373
145 171 239182712
15 80 203308545
153 125 261817039
4 7 797508840
2 15 794821342
46 24 40433621
170 25 834825142
81 15 951827523
55 86 552838718
134 42 717297898
103 4 735298936
132 111 453695567
61 77 359993051
20 21 285186748
94 132 248438756
70 172 198099108
140 158 689908295
82 172 628931680
18 169 563909594
163 7 440590421
106 48 957630829
124 97 797914755
68 135 523871980
74 122 973741761
16 20 117008841
156 171 317553432
14 113 849259319
84 72 697925195
57 123 397620193
41 20 453994503
58 172 269822483
129 170 45990645
39 88 580200199
108 8 660915807
93 139 112952377
152 21 390622662
60 172 57069911
150 2 14838231
91 169 663813884
37 34 507206774
159 28 41390218
137 52 98528734
176 48 647894407
26 34 674592040
142 84 278327364
71 169 565421166
9 14 537345371
47 28 553051183
75 35 831039069
174 86 945451698
45 60 472850065
138 72 766680754
13 101 620229622
118 67 22208863
27 56 271079485
133 163 968688519
117 54 8864707
109 54 108415071
30 18 128556828
43 39 27454655
76 157 344013309
22 30 898907135
95 170 211334920
10 42 550092521
100 32 612136950
59 91 4858513
149 23 574497999
160 123 105511550
96 100 418635382
175 37 143756277
164 134 859678144
136 59 407640517
90 130 785174003
147 145 995642117
17 130 738708607
29 111 423620937
151 102 539843439
85 123 680535350
92 97 46748956
62 59 459691280
161 12 340991481
11 97 536092413
6 60 743559353
116 153 480972691
141 20 934842567
5 50 4904598
131 99 248023696
1 12 700640155
64 143 115837997
128 174 276473391
51 78 546118730
87 161 48052045
44 11 540695299
115 58 934482652
120 86 988530227
105 1 233247835
114 14 31711260
3 126 14854921
430731180 791353865
918116344 962964577
114676392 131540957
442991568 506231126
583381894 942610655
644423847 806429455
960184956 965177846
344336993 455949226
142508241 667716372
507594561 684045775
96709192 124309968
905597177 966301146
567308269 582747687
245862719 340592473
140308610 310784716
634669106 690612190
807104938 955781662
415610192 472945218
838177935 862732195
724010288 852004772
53413982 203827699
772722209 950948087
617135258 807576390
986002046 998348580
100455426 141382041
188086022 922695841
713299112 760485754
916278615 994230986
223802645 503869819
548449106 971931525
25441325 131604081
782906941 996574327
229535176 436865710
984209735 994101687
710588428 923803551
304533743 541092222
280148469 333367209
183050660 765050744
861001898 878448067
470810827 487392849
297368082 832101699
118995855 980395390
870983790 947291434
861622685 917551893
128985111 822646450
721730360 988001196
348055104 840193197
335920957 355362397
837904731 885437947
607264180 687098051
800510192 873289293
502867300 655390120
300588847 904064553
43630472 606768096
727141237 764190852
153106389 484480475
493221115 850749287
715922235 968748232
957019650 977027503
654299220 982916686
233780089 917818728
509013385 549742605
716851592 949597781
209720600 288327547
786163475 982704657
820150030 954197098
561061629 672249175
922130815 935328965
241312566 636139604
577391240 856430926
960101486 968273386
756076925 997886319
866374703 886356118
238470565 977222415
615018465 717121506
347938217 380558774
707506131 892761244
561147837 768934146
671613489 772201408
663218142 777843268
790741944 936476693
857793325 925300860
66440751 599235362
55914215 492331117
751196091 794170272
553183183 993169234
854149037 970259985
583172944 763713532
277892068 793214714
135517311 378394773
549625707 746779175
430506013 542074673
809644754 926522733
463559033 772921114
810536876 864518239
848341327 970715961
414056176 841746569
472514404 746843802
559114541 856708979
3769581 698260169
209438706 937123974
217639838 871282583
589868920 623005271
905156342 965753335
128283351 150547765
573596822 899848026
173389584 386875205
916387480 998478168
660152822 741934825
68700430 995308005
688541090 769999336
957990530 992455726
787811256 857972205
123697532 837835986
875058793 952204324
273442789 815769909
817288788 965775542
616036201 734897134
249613074 554958214
124424613 341123038
476813773 722258313
179112344 531165106
904263681 912473105
345671814 519336325
170135336 273152344
774648988 899996115
260889259 421749976
735630741 823033916
428855524 930172288
417783621 768651293
111534407 669432723
1417440 471019923
9093580 957895968
796215360 914399362
732834603 841641017
453595361 665933681
580715294 968713184
463916087 767379876
734649592 802218437
774398464 891824873
302397958 481190928
912058120 933592808
558130183 619758834
906993059 971353073
838639188 920858687
347475707 892960530
439478930 775185785
851550383 916142706
17505425 437873869
357374517 775020781
330276955 603606563
583526813 925010781
960858530 969027875
43504520 334828583
904918852 956263490
598211430 727197147
631002556 907758957
572666107 627763282
93326760 390370520
812850871 857762917
235734631 638465083
622587576 793369288
781536915 948674113
56950415 900427351
457552979 831018467
992432012 994254676
496705213 573836395
877915708 967387031
120237404 387108771
311043322 509676930
789626399 928099813
667174027 825784544
564443443 883661639
365652251 917532860
36874976 913339544
472827703 835337303
689996910 935449962
409589861 488526813
995412216 998181252
516130191 587194050
440795712 503774877
793819602 794240783
860787831 908314663
588081742 948088294
151087593 538878770
804600756 875853525
114927985 746091052
626972228 784978537
788125073 858885434
766155796 829619499
764216491 838912051
40330088 558134783
106118545 255219883
789644641 896665548
706267309 858673086
677497447 911982275
35265280 293253395
293618907 484681550
801121861 817097447
532368532 586552641
25649915 474759136
565341776 821855476
910323557 992548022
943196561 983572609
964892272 999776982
566218834 849485239
501402630 632584153
918002617 989536748
29717767 888557869
854906158 982803599
239697254 433782496
105122480 233626911
749949684 801861613
980488610 986411078
984166810 984215807
567613721 574143296
689455227 900343976
120346269 180351357
295588013 368082267
577405713 763616044
945718391 986985895
519841076 708974296
636415630 982518632
59631796 250050068
241003097 663994864
47071540 219160600
865715707 912679230
823900594 915760520
996318566 996828784
920277180 936212872
6550290 989987104
681273726 969549483
229135919 334192630
60696643 360268357
682453496 780160787
278908359 655332766
2237547 510198111
752923403 998651041
207316544 633382626
348918360 868712476
304874430 498601422
163605184 644356583
145690772 585196233
155599686 233698118
924321897 980068339
164969504 972488104
465624770 772467930
976407630 984219013
647123546 705795251
413476240 710047592
849165776 924849007
71023412 905825282
816527212 915206790
928375035 942559371
834852165 969349181
307569462 413451872
365412807 744024199
898841526 903184474
242819523 559943537
577558832 866126162
600081159 659656009
872231224 940544630
17321618 595895768
976412617 979719741
501039475 692201100
84128624 804323129
156698982 173438920
295932526 650558948
857870345 859763429
273920481 492269505
654369716 983479456
84161703 415513303
217051990 748891630
416795322 477009998
609630419 889015147
795198668 891642201
894985606 925004770
49431398 987774651
383958049 865823420
68795580 137713034
719619239 796601237
213008088 571745067
988120486 993070399
165068468 463097465
662165371 708146923
260282008 466760943
663415480 779546812
852740059 940066601
905046726 917407582
257515389 669292849
204654080 727640468
495921951 909686316
514937140 814010474
391085689 822790556
375268270 990222761
785601643 849716215
365251467 374472471
31754687 150335140
595134090 698195175
949621833 986816386
939341050 964303657
487856832 703014295
802593642 893396039
173096069 205595254
453125988 984050430
691075134 924132507
483518895 656142900
31913955 57729693
340207165 470212491
725922225 818322173
424336031 605952329
481471141 957322807
919315392 983740958
289256203 427318747
661351529 985391147
908139223 959318708
866671389 907375246
256327591 368122918
54857219 352098798
70680295 260092010
281088298 304891647
900673472 931074014
299578573 672389888
516308216 865445558
842121343 902234218
634579496 714342082
765835564 901677275
335164195 873728976
213121436 810080390
647972968 954699688
179512188 406172234
578723892 794764969
904348821 952026608
645114654 760213543
685393542 912174750
296278563 392367148
864522298 905269339
39319538 423111420
416804937 653547035
652105251 992104560
455657467 830353202
704044081 722601770
41661841 448229492
931106512 941268528
83383712 232256358
308965257 734732496
315002477 566985716
12684793 593117895
100957369 767384347
914703404 956606812
833024851 870028825
792414471 812267002
740126167 820757470
80026067 658253114
320680983 520649705
7058002 427726553
64983948 105665449
28276632 241880399
88823670 149257667
880535231 882607097
199826517 410206670
893583210 979359496
670929233 689533381
117484968 476416935
706074622 972000860
189655937 757193741
443923458 920587359
329971235 545277126
547409809 670209940
466421158 823131600
604682380 959496843
542951790 819919290
190326370 477097020
247656966 892872486
590262843 843489162
440146149 539837784
335052610 730778265
610232458 778794954
751578184 991742359
344138857 409718602
977345558 983521720
438301167 650837277
160172251 893325419
228005083 886347968
213447758 475195245
251045450 580617639
67169705 566399635
529856092 788640167
702961845 990732782
335216093 743209024
74271873 267165660
276123777 667271047
519445986 610074623
341564098 993748706
446324260 549634245
99991799 755571889
15326099 635909251
942329407 978497104
83871849 146808561
314418000 521522989
713013295 821513651
906779727 992974215
344953237 780601099
700153219 947979488
506947118 773247807
54774825 481378390
438476433 735196759
32049101 877259833
97717979 916106601
364312364 796355123
252050622 412014315
429848031 456699717
339479001 431167559
398137472 463852805
986462105 991917454
434355568 858937975
796071641 847239535
168376701 499131526
573035693 815355971
530142806 918342471
634830470 872098211
730023637 783054544
924512586 943240441
246925452 565963811
409669132 708508173
61399550 731609096
264854249 605184970
830495129 997440693
343074821 771050590
226824427 543608841
568577458 892815601
687243667 996664266
715405003 941381384
685092176 977978147
203596455 342469264
223671785 776452198
259268983 327909176
787046224 997489728
536177838 869409412
720755191 750598460
858309921 971840206
605665040 804224757
505883841 548574659
432197289 925731180
575807877 590949636
160608671 843792876
844439432 935782412
980067772 980121829
872270320 930230929
882503645 955349134
890562992 913152353
188601805 391430710
69496388 775144257
719121351 839645883
208858063 971664744
924587499 969251421
814456643 831815924
807532983 916405058
394611622 647713443
797320116 956586845
783949613 933638463
336071290 392016600
949375936 999568559
151145180 371844795
392209449 549012293
683194211 783891516
514471706 878553878
863054045 874976257
83748252 532554249
814936603 974650680
877702885 920557222
303011492 511613776
273971723 823213019
473904137 671297329
422900474 522063889
545266569 775892468
227186807 924428425
530214221 933236759
872686271 952814035
947988820 982912260
309377730 480242177
937639803 986332158
452290027 565122149
248901079 602305224
144522766 153081358
216292231 291865752
240108108 695168879
217086197 252859216
932308975 996791548
208871446 928872822
790789124 795616532
177291928 294744384
675416113 894566818
376667055 673822143
366532037 865085576
562695328 745982452
357247043 473551536
991110814 997522936
782158350 916959954
909447829 929816286
546360747 665647180
572615661 667269063
586762174 799724634
606813510 627124114
155092462 403554161
222313311 855068461
165060616 698693044
205053816 908222551
714003413 927270001
221727834 240004925
943168922 975785999
128282411 599028786
387942975 388821698
906103392 968806418
2137419 271721853
843390263 928154792
781313400 802840664
745757505 945815277
376758097 625616902
673330508 729126551
643606724 701739629
794072410 797342783
762367830 947977288
266536982 892485410
761916832 877648518
335510159 554528262
413928172 654208062
308994592 941849784
793711434 819760360
896222394 899319457
266985709 452291597
551997383 800478246
757655160 759596212
885338031 897441102
780885124 938637913
106497222 587601046
734535174 989183504
972165982 997566713
474573406 622995607
797368987 874620298
985879388 995683855
621973108 735097368
396985876 674363966
859430154 926532832
992678723 998901624
723157672 789272559
636943672 956825229
82594613 534131135
749521803 872396677
424747824 931459261
73417358 539290966
