522 539
522 1 720913246
522 2 118162648
3 522 435682381
522 4 207184716
5 522 365142288
6 522 604491501
522 7 291774755
522 8 463812267
522 9 669242994
10 522 411564623
11 522 483255606
522 12 377565763
522 13 651652686
522 14 450235490
15 522 814514917
16 522 531076898
522 17 102299677
522 18 24416082
522 19 670031193
522 20 714177467
21 522 670541068
522 22 540120251
23 522 778183041
522 24 78602003
522 25 228163297
26 522 325485659
27 522 981230755
522 28 981751796
522 29 135464818
30 522 306278077
31 522 931960349
32 522 214420450
522 33 480676683
522 34 12937604
35 522 345751247
522 36 627701523
37 522 580465779
38 522 61489011
39 522 554904964
40 522 870505042
41 522 216570485
522 42 590230155
522 43 934322581
44 522 423654277
45 522 889017170
522 46 857310559
522 47 815816700
48 522 682254722
49 522 422693889
522 50 871645320
522 51 443946865
522 52 684227886
53 522 262458209
522 54 984858437
55 522 42224102
522 56 285246786
522 57 248934053
58 522 867086170
522 59 304267512
522 60 809377021
522 61 747937458
62 522 701792830
522 63 961095839
522 64 469686834
65 522 269378573
522 66 206217551
67 522 979688313
522 68 622794588
69 522 243934280
70 522 336124101
522 71 900493228
72 522 942401971
522 73 182923491
74 522 283687122
75 522 189855529
76 522 173739776
522 77 612939930
78 522 984976841
79 522 621037528
80 522 664478939
81 522 712629433
82 522 553539623
83 522 843286389
522 84 821054248
522 85 378593709
86 522 65384354
87 522 436834126
88 522 85076470
89 522 370883373
522 90 952596205
522 91 479656074
92 522 239560407
522 93 1895498
522 94 773580090
522 95 862426297
522 96 728786215
522 97 195163803
522 98 868135576
99 522 412794305
100 522 758171403
101 522 666473406
102 522 769205631
522 103 887112503
104 522 502179159
522 105 568889899
522 106 98500517
107 522 411823348
522 108 970592531
522 109 785813553
522 110 373035219
522 111 493171116
522 112 260603935
522 113 3053701
114 522 812331973
115 522 349126539
116 522 428426459
117 522 137421885
118 522 477815511
119 522 660884259
522 120 876571036
121 522 374856382
122 522 447724855
522 123 539928033
522 124 738973511
125 522 348852304
522 126 455264403
127 522 864820539
522 128 764630706
522 129 133092176
130 522 446581180
522 131 277800065
132 522 298845749
133 522 486034561
522 134 266470566
135 522 570998377
136 522 334370031
522 137 111790984
138 522 883520596
522 139 420674863
522 140 841101472
522 141 362094376
522 142 55070495
143 522 524853632
522 144 262001654
522 145 140595991
522 146 771800942
147 522 552245435
148 522 862485924
522 149 736066868
150 522 719006684
151 522 685269659
152 522 241156020
153 522 837468567
522 154 569374314
155 522 128947234
156 522 62549805
522 157 792714108
522 158 127519720
159 522 980250240
522 160 316979389
522 161 131147631
162 522 767137440
522 163 647343586
522 164 51490716
522 165 836025654
166 522 958676500
522 167 919632263
168 522 296522066
169 522 530494546
170 522 559979500
522 171 452139296
172 522 199346882
173 522 729874024
522 174 695308447
175 522 289403967
176 522 983346815
522 177 869356354
178 522 980874124
179 522 471711091
522 180 550512521
522 181 709148731
522 182 319761084
522 183 718622339
522 184 939890910
522 185 893787015
522 186 773430884
522 187 653132660
188 522 47972206
522 189 410300874
190 522 360571123
522 191 793931330
192 522 23671302
193 522 234325313
522 194 81866236
522 195 856872509
196 522 187284597
197 522 479587738
522 198 226349017
522 199 218750846
522 200 961415265
201 522 19556192
522 202 261863223
203 522 538005502
204 522 396973739
205 522 163969180
522 206 290440666
207 522 897152614
208 522 720435305
209 522 595037385
210 522 477188784
522 211 261439414
212 522 249269515
213 522 543992792
522 214 966314583
215 522 573902476
216 522 642992178
522 217 603733574
218 522 542338773
219 522 987380315
522 220 476818943
522 221 807777470
222 522 561557441
223 522 727240700
224 522 133439689
225 522 38396335
226 522 887515469
522 227 259228164
228 522 274108851
229 522 29242405
230 522 58379628
231 522 725544189
232 522 540593481
233 522 276536991
522 234 988554424
235 522 830685428
236 522 714367951
522 237 216595892
238 522 595426559
522 239 316266082
522 240 129610033
522 241 465256407
522 242 488746223
522 243 708917656
522 244 951904882
245 522 858816500
522 246 511586854
247 522 228468351
248 522 384811399
249 522 570848692
522 250 768543751
251 522 366183644
522 252 16621982
522 253 709492376
254 522 800482260
522 255 723727884
522 256 827046570
257 522 152492226
522 258 973652785
522 259 847846139
522 260 394683492
522 261 615376104
522 262 977199854
522 263 179779596
522 264 873151758
265 522 967080097
266 522 303514172
522 267 94179870
522 268 149792213
522 269 932482087
270 522 928572006
271 522 422402103
522 272 645900216
522 273 972468499
274 522 612794043
275 522 820235234
276 522 72697598
277 522 109556531
278 522 382918159
522 279 465510112
522 280 13787309
281 522 311249932
282 522 644304750
522 283 369950506
522 284 825361304
522 285 860026490
286 522 753269645
287 522 105512866
288 522 611478537
522 289 862786503
290 522 722565816
522 291 297719981
292 522 124188575
522 293 581977908
522 294 592699423
522 295 348943589
296 522 321307548
522 297 866495285
522 298 614484563
299 522 291752975
522 300 417817454
522 301 113743306
302 522 218731592
303 522 134491579
522 304 157297451
305 522 146273960
522 306 209372279
307 522 859330647
522 308 614442550
309 522 164716480
310 522 614707312
311 522 91908086
522 312 273987712
522 313 851169464
522 314 885638236
522 315 105345034
522 316 335807084
522 317 437565415
318 522 350224212
522 319 674605976
320 522 41819237
321 522 599093364
522 322 443634994
323 522 339811779
324 522 443635173
325 522 788067786
326 522 529234935
327 522 908759444
328 522 290036631
522 329 490905342
330 522 173745845
331 522 588991398
522 332 488098779
522 333 683369168
334 522 341407502
335 522 496250949
336 522 400298706
337 522 197215059
522 338 252198819
339 522 407798727
340 522 320574908
341 522 246795692
522 342 414373755
343 522 43594177
522 344 712816821
345 522 737495069
346 522 693838637
347 522 488212042
522 348 992392487
522 349 199949221
522 350 214337375
522 351 531993750
522 352 999585583
522 353 633099908
354 522 699156657
355 522 143101381
522 356 510791623
357 522 218263389
522 358 613600088
522 359 598105369
360 522 352681362
361 522 942878942
522 362 365690638
522 363 117905183
364 522 568116018
365 522 3269281
522 366 292025991
522 367 593208772
522 368 247741933
522 369 160306155
522 370 804919726
371 522 477416277
522 372 864733486
373 522 92596072
522 374 159381627
522 375 200345842
376 522 529827526
522 377 404307079
522 378 935942280
379 522 563826765
380 522 675925525
522 381 536162805
382 522 630964475
383 522 113335449
384 522 418291434
522 385 115148343
522 386 307939648
522 387 2156423
522 388 171793984
522 389 298977658
390 522 99762467
522 391 860998175
392 522 39311139
522 393 717571871
522 394 49478807
522 395 878765320
522 396 550211900
522 397 133558704
522 398 997841094
399 522 189931509
522 400 749901789
401 522 24570073
522 402 193296666
403 522 68996907
404 522 69212517
405 522 685512023
522 406 450902950
522 407 477092838
408 522 868378515
409 522 287019723
522 410 580938198
522 411 927145760
412 522 958238996
522 413 791138796
414 522 564485628
415 522 622752925
522 416 953143840
522 417 436819170
418 522 741708712
419 522 504255659
522 420 868179473
421 522 24882039
422 522 527159121
522 423 225813191
424 522 131084325
425 522 86719036
426 522 423880108
427 522 372166256
522 428 101330947
522 429 974883475
430 522 422945288
522 431 261308540
432 522 136226092
433 522 400665286
434 522 926163859
522 435 857329608
522 436 947418949
522 437 334997170
522 438 970593810
522 439 65529158
522 440 23631963
522 441 763367391
442 522 894180130
443 522 292539393
522 444 410561496
522 445 425909203
522 446 189554968
522 447 555132379
522 448 251460929
449 522 403577276
450 522 502345061
451 522 624047729
522 452 313164854
453 522 503580975
454 522 931990653
522 455 198533656
456 522 132900381
522 457 247598218
458 522 616506135
459 522 969398844
522 460 346262084
461 522 649321960
522 462 126155552
522 463 621913272
464 522 238143553
522 465 300103311
466 522 661903394
467 522 404474452
522 468 858718474
522 469 661016969
522 470 652126151
471 522 444857902
472 522 619118913
522 473 3319913
522 474 488732342
475 522 898128827
476 522 522397680
477 522 375174622
522 478 335455655
522 479 616075019
480 522 589862368
522 481 323994002
482 522 695419434
483 522 4019867
484 522 539905087
485 522 882599953
486 522 159281323
487 522 211126466
488 522 850000633
489 522 501628976
522 490 884437491
522 491 404577127
492 522 900885732
522 493 648510976
494 522 297460449
522 495 547163173
522 496 828080040
522 497 395994549
498 522 757572769
522 499 78553551
500 522 368399130
522 501 20219154
522 502 877620158
522 503 11968624
504 522 656402806
522 505 569240286
522 506 696270063
522 507 582076160
522 508 369403963
522 509 129889926
510 522 248774604
522 511 662489749
522 512 935320314
522 513 506833482
522 514 215939374
515 522 690668840
516 522 555510297
517 522 858323168
522 518 21339133
522 519 114344848
520 522 297537311
522 521 242988299
12617624 248677028
58806576 572637570
369848215 656208403
591681010 959775541
855714765 877406873
863156637 930618411
63787530 719448196
21871803 833530221
858115523 999368020
534740468 573889497
271148401 346223164
696813614 851251917
764647989 860214273
410239723 564790419
325694087 578685831
519602788 527786193
584297830 976622631
277884101 915328147
520537481 650636302
309338581 640635445
692216465 733889652
769931173 803866142
876161531 962778371
272847389 635547204
10529461 643005614
512529863 520512397
861009319 926020344
291123574 465483087
897661471 959710950
870827249 903876614
63695454 125743474
196957468 402779109
238009070 253064452
893122672 913210491
344667662 855562425
461293863 986376083
660866683 943818045
677118489 745780241
74988428 775299156
484271637 550670671
185264334 632688890
715325126 770317748
476900373 700206221
493842846 555774914
355092962 992982594
371543633 399596771
480668751 866583218
932372239 945076203
162500053 343828867
568624325 894547583
6146410 972058311
758616188 781709270
885578177 907870227
897355271 944206548
743712968 815528836
316811889 589875616
91753366 409909840
689241307 972358472
180028284 379385470
711884695 928292027
889941675 933768125
118624432 192955803
206410042 812522895
851665955 958497230
553377588 809099637
718950632 943050244
577693193 602727441
249361898 940237754
913134137 960355431
932801671 962360695
283103938 666134422
469201165 685960980
21350350 517564341
520111243 765222791
994462170 994962512
109077995 184598162
236334639 600451921
819926339 966204431
164415641 244166042
836757556 893172863
638253279 924343530
712707079 736845135
568769312 632298120
673430048 846585555
506501142 979469266
719522262 973842821
934987189 972213015
114549793 315965467
865252933 875534005
471682990 781338774
903191423 997482091
452926623 929035232
291712651 787138413
424387285 921840518
378383388 798385660
131947353 640738104
968193800 973958911
380266509 559145992
836949674 862536127
697330516 975046594
574679624 811891814
19080440 365718572
366105656 567349028
551766624 647257235
90584236 736632685
201887999 418828097
37486815 388803242
862965803 940369820
648655196 916329173
184343509 675860340
130633314 236401168
110811621 482883123
134022036 163761024
248995245 979605763
758253164 951874498
312427972 509588325
534394259 871711603
465882427 483485400
867428368 869667735
142615044 775594611
771635757 956160960
338834053 353059187
483164745 632086380
35552642 751851103
451512956 837375604
7532980 829037297
681385196 901911966
159687231 253713067
998643714 998844133
677780804 993256029
749374699 930380100
325196624 482827082
193329617 266233274
2688422 492933500
462857916 497962610
101685391 228302335
738647739 760196642
314695090 382366747
617281639 889966408
216601761 525954743
290313006 516988340
911151361 996543248
639231148 717099568
329168293 780952233
528601386 997338694
793368339 820209654
195336421 212737068
646771369 737805076
386235517 409121157
894891956 948083881
575987782 788688180
715401464 823171030
234375094 879099693
987783107 992598272
186009434 321741049
51343319 716692671
876939682 914199481
147297186 206005329
529471517 689788204
849488836 893704460
906128820 989477122
438192807 444109865
446629468 632905546
351975358 719607397
980809456 996516750
552695840 911901988
540506826 844954237
119357304 182099655
247642973 495277085
119053546 248405556
357615425 925226732
724888092 881695101
573065732 607012153
253150821 371220141
644005295 988919203
664000899 681102779
142211938 645207306
11337215 277572412
980009682 989514710
693662331 843240612
949047609 981708560
940166048 975068809
457489887 731031598
132200900 923277704
930735051 951980973
193850289 543580229
747036162 871904639
206460451 997710799
748303780 831621090
259782621 776765760
180104147 659071139
486514120 702074116
585149665 642492075
93800879 528889877
87438130 988439254
907802704 945671690
267599934 546489653
727004028 901261801
897770409 911550317
612136881 693770560
503849228 959858057
920638447 965871455
611098871 957453087
532801861 808704782
546443322 562863187
828919279 885393542
714611823 796647781
635533840 647813634
268610108 662045935
563629047 983550016
193245607 714413661
393274563 933422015
95825971 428658534
303905232 401100659
890099818 896424542
846789690 938451325
628291869 819178016
416639757 434053339
578669217 668132541
679040198 749982414
249127420 783140938
785382568 904768287
276038432 950002940
738420447 869248300
379847274 920517274
513052003 971810187
40984586 862875464
476941938 648622048
583043199 896145805
769670025 857486938
791934537 845326904
579542187 944770685
476569561 985444714
769507328 888135028
894318303 993038537
839207300 892739736
993834014 996970721
60144405 429949422
103542451 110859193
970215957 989848536
843250718 854773572
28793002 278105753
342605385 998141529
410891958 444055917
412532666 652358637
294028357 428268030
762541797 914756817
687371635 745815613
817842317 938631258
811307753 948915394
396965538 436738870
267196207 803633555
560709524 804824976
774819214 839429801
473997683 661690472
439009578 865227722
538877429 779207498
869357162 875796799
240300110 730153891
958288660 992797712
121491786 623538934
137041054 970810237
204656858 779833981
173461447 527010316
810505406 969831733
352860300 773075455
281560359 835303363
384813575 913082393
213066137 911988976
877070121 975957041
631927295 679265197
300283039 493409217
239455216 396978145
742573700 812642104
315554575 715247325
37399952 628160235
560618557 750535734
829674411 985670029
350579743 394560856
936061032 943909663
836264906 925452347
952128638 985546884
581092307 681549907
655110160 832425498
333128957 864966011
726973960 948104753
40576610 676129418
189669232 525419602
490707226 691093054
955785801 998643885
608198915 700871282
803281067 837779753
756649868 826522217
108211617 916264426
82621032 732180973
144364051 919402037
372643714 839983838
817025465 856982949
722172699 792816612
605255200 895318141
931326471 993125636
201767783 376316037
90834838 917591809
919052416 958598153
776318375 953189005
773132793 820691687
563244176 979485630
894683918 959947093
277683052 589588843
137985614 894386572
752553273 925130851
223617254 412095648
706585778 707305197
158569960 201682236
916696999 997610244
78276403 637586388
579324286 768287940
759259003 846807061
854930126 984604146
690185976 911644632
531084606 959621329
235867199 406699737
907272107 967292639
803529411 988484949
183283522 659441223
267605465 368987003
275032662 864804525
387777649 883096303
894017067 976525985
807722133 882610248
719999548 930593946
623099879 803712397
995431171 998245244
242753848 444807035
893768380 963146259
821984810 870294110
49718126 207414747
867428488 917125965
316764691 809580687
81907238 663272192
382030737 974482934
121226370 982939121
488703058 946063550
646190762 678969095
823913164 866637716
904434558 990774920
563076413 998278236
840355564 886713428
218153127 672663141
113532792 166070149
374522394 460628564
962922992 989308472
536932594 697587471
338535927 550738157
499443939 591270747
293591159 436449012
76619160 236938688
822767764 858555318
978597620 981037349
762660804 882297302
722584071 900300675
330629393 707244642
769696980 772188131
875557947 975994089
332833992 414042016
204981005 208258906
626208163 930139891
34349489 220022607
991641421 994917451
512266740 822365156
184500447 802715346
925433371 942347527
539518127 583495760
360287275 575774520
31555527 881359669
711548415 816854528
441951911 553558731
816699026 985138769
495439308 746987529
422911697 674772991
798716558 974814704
117838614 974741504
539097499 731284119
654152386 728257772
305140181 823423929
269817477 793741524
222804187 604617951
552578364 578604101
982975773 993284841
73363375 668383506
952597491 989083501
414211636 896792901
626431533 891993779
526323775 612026374
838137078 997313573
180724948 474642622
796018490 953809166
732774835 933583952
627091646 991600930
382724273 917736199
698739377 802689621
534096005 544108547
963214879 971858180
138430230 847396224
952882844 962549473
94981761 665526204
59134540 817467983
638780261 718233344
453623361 749786764
998002550 999181802
4499500 674836086
177439521 624130203
771748029 937711808
112382113 990551556
112179259 171933934
218273783 953998154
701202908 952316084
863284274 960638742
626232847 648970974
889903480 956584911
411297211 809622574
657565685 953533539
340133947 534324725
69049454 595896224
996936766 999936784
422055344 746142961
397237348 695756954
875141500 932274665
280468728 860079889
54826567 492393069
260968596 962608525
184837181 948557637
364186510 813902709
35948011 319456488
938657852 957402000
817773935 838871073
103960248 265906084
601051970 820543488
663970323 958316156
600408235 785935526
108541341 523198571
580446530 745155653
231963381 325409526
810000233 919848105
165326040 910373870
33025478 444393437
901820995 986862896
362967885 723005900
703966521 792248960
486108531 747096590
32747395 973842278
618826286 687773010
223055704 492026881
168392399 826980062
475773688 540323160
176529730 332790683
725312862 836699694
125236877 234771032
974595115 978909046
663667285 772081718
991732713 995807665
921265876 949793963
613632447 896265581
109058367 267346799
79742690 667087678
92201545 273595839
47395816 120403971
404064689 430784853
253836890 623808155
504554026 797526635
346260334 669151609
945689614 999947099
205208165 944882399
196892571 440417555
106065360 251966587
659338712 978830197
119617483 423288178
81426435 301074525
195546613 257628332
109686419 450613426
32124168 466256856
444049458 835730172
951040446 982469530
29880488 183367982
189281813 996725801
43474753 482127610
156687687 479181057
855885266 858209236
196720468 234479445
203744061 275324308
533292743 818245035
886908668 923380596
179546813 180322567
337695605 479044980
707876781 951212484
160054394 394669345
699175323 919444032
795125974 855914930
966061672 984995181
799220152 834526034
361745864 653452806
579098875 687367243
742241888 870255405
283360943 696702011
346093579 780082307
969200555 997239558
670235010 755299702
860222467 960039970
42089975 602846905
935130473 953006963
426440242 824858659
601385738 718648063
42832231 543185825
965669348 978798509
766085452 789253243
812495353 846811685
447851276 528015387
31421730 401977924
524768484 600317933
455154255 997756390
425589708 917466750
28806636 268188312
188601039 913301740
734549869 934445239
857949763 984414548
548487034 686581337
564728837 592911849
215550639 373017337
44181308 483824328
971769927 998671794
711225739 935586371
659985527 663373337
110294505 467891644
161557339 899086064
236541825 239418248
572364903 815327828
124150083 807237452
919755604 920027037
987768563 996315404
