527 329
409 1 227984536
2 409 16417043
409 3 342819657
4 409 244262435
5 409 286096083
409 6 740370842
409 7 240278516
8 409 224325327
409 9 461207916
10 409 235513163
409 11 469583604
409 12 453180036
409 13 995516191
409 14 389430192
15 409 207088247
16 409 591065718
409 17 947954838
18 409 300189943
19 409 836116664
20 409 792326344
409 21 668958702
22 409 218313932
23 409 891638009
24 409 469576925
409 25 716967426
409 26 690391179
409 27 862848471
28 409 295700585
29 409 725893523
409 30 185028600
409 31 833547365
32 409 272168144
33 409 453865031
409 34 305187656
409 35 906874350
36 409 815641196
37 409 355741838
409 38 841526475
409 39 962617093
409 40 115276807
41 409 883558144
409 42 851072696
409 43 465292378
409 44 677409702
409 45 466956977
46 409 355743399
409 47 424025137
48 409 977050521
409 49 999720246
409 50 570365371
51 409 391670748
409 52 858993106
53 409 9069397
409 54 689804864
55 409 746727748
56 409 443576343
57 409 316343455
409 58 43866991
409 59 590627407
409 60 917718318
61 409 375010815
409 62 154157176
63 409 852192481
64 409 471755155
65 409 577711002
409 66 263687744
409 67 972008836
409 68 430821032
69 409 150490380
409 70 168920038
71 409 684548638
409 72 676488626
409 73 930161297
409 74 611973273
75 409 281752663
76 409 330372242
77 409 836036260
409 78 184713498
79 409 14987722
409 80 635551693
81 409 977202248
409 82 51230203
409 83 244234806
409 84 375333715
85 409 349438937
86 409 822966503
87 409 117115888
88 409 68562904
89 409 837031491
90 409 582456481
91 409 225748291
92 409 7683805
93 409 492178067
409 94 522880083
409 95 854697770
96 409 655100261
409 97 86911928
98 409 83958264
99 409 231834553
100 409 562405722
101 409 726590008
102 409 161993083
103 409 442134679
409 104 253262417
409 105 372434098
409 106 17176758
409 107 432747195
409 108 552705504
409 109 64496597
409 110 518713896
111 409 273668521
112 409 849534006
409 113 187858940
409 114 444599801
409 115 524976352
116 409 477236982
409 117 521820133
118 409 354796986
409 119 614875183
409 120 386975597
121 409 633208906
122 409 480187833
123 409 905591790
409 124 828907879
409 125 307850489
126 409 142270494
409 127 981439911
409 128 412073801
409 129 98103357
409 130 441821772
131 409 932886817
409 132 123221815
133 409 629019990
409 134 733924109
135 409 254554568
136 409 942137194
409 137 778617207
409 138 504625896
139 409 769959589
409 140 393715203
141 409 592967125
409 142 986339209
409 143 318085370
144 409 829772204
145 409 625225001
409 146 40281168
409 147 39614966
409 148 223960390
149 409 793559851
409 150 911367225
409 151 634171000
409 152 411090974
153 409 522664954
154 409 150187356
155 409 523064113
156 409 133738764
157 409 283408881
158 409 371877831
409 159 950522707
160 409 467973485
161 409 135483064
162 409 883417606
409 163 229354399
164 409 472547930
165 409 489272005
166 409 695536346
409 167 542792410
409 168 107788532
409 169 737452085
170 409 276178569
409 171 533569402
172 409 345558809
173 409 355740973
174 409 652076222
175 409 528247143
409 176 555341309
409 177 960843400
178 409 69703035
179 409 213947865
180 409 328684762
181 409 783666568
182 409 666684024
183 409 581442342
184 409 221694621
185 409 9391474
409 186 706968233
409 187 307735977
409 188 857269945
409 189 146568173
409 190 569399070
409 191 450146286
409 192 699762638
193 409 292682000
409 194 271815669
195 409 141175148
409 196 925344800
197 409 174614342
198 409 855860663
199 409 817190560
200 409 610683595
201 409 959240685
202 409 233330199
203 409 994877722
204 409 278421606
409 205 796603502
409 206 74295854
207 409 575282684
208 409 597134250
209 409 43428091
210 409 369550747
211 409 185523234
409 212 743114351
213 409 113668183
214 409 719653157
215 409 787123666
409 216 944571845
409 217 550856125
409 218 379575133
409 219 261310784
220 409 672604486
221 409 562521797
409 222 8409360
223 409 766340362
224 409 147126094
225 409 355607341
409 226 24834760
227 409 804988236
409 228 494462653
409 229 922869912
230 409 619707078
231 409 378083233
232 409 497512495
409 233 748492437
234 409 512703540
235 409 865791520
236 409 821487568
409 237 62914304
409 238 811779916
409 239 725952599
409 240 268271931
241 409 982828566
409 242 405929937
409 243 402243989
244 409 13746315
245 409 518356077
246 409 563657099
247 409 510768066
409 248 727500434
409 249 449087761
250 409 302622457
251 409 200835664
252 409 525704548
409 253 139758751
254 409 384665276
255 409 852291613
256 409 446562664
257 409 280188170
258 409 265776450
259 409 120593258
260 409 207626352
261 409 60541379
409 262 597163746
263 409 306883156
409 264 536582865
409 265 380331703
409 266 820387241
409 267 484697116
409 268 226830425
269 409 431140177
270 409 552117958
409 271 651538087
272 409 771568146
409 273 852307867
274 409 393337030
409 275 487391637
276 409 684750375
277 409 605174794
278 409 181876813
409 279 917593732
280 409 813470182
281 409 438172761
409 282 112990636
283 409 182010787
409 284 218645665
409 285 907019368
286 409 21836269
287 409 624979564
409 288 458928728
409 289 863352130
409 290 930709400
409 291 590025818
409 292 951145413
409 293 357532062
294 409 873399020
409 295 256723273
409 296 910110832
409 297 351233495
409 298 156562020
299 409 351536762
409 300 971130166
409 301 694032089
302 409 31186518
409 303 921917358
304 409 330000195
409 305 451362956
409 306 467092957
307 409 347555861
409 308 9342946
409 309 425186011
409 310 819714106
311 409 622104619
409 312 965783703
409 313 106860170
409 314 303638169
315 409 760687309
409 316 241538151
409 317 79871462
318 409 899656485
319 409 755112353
320 409 345992154
409 321 832364312
322 409 125735220
323 409 926899631
409 324 942550586
325 409 924000570
409 326 628683734
409 327 693859213
409 328 37862844
329 409 664071898
409 330 615486141
409 331 334997088
409 332 981865546
333 409 407504190
334 409 471703483
409 335 56401427
336 409 66820333
337 409 746769541
338 409 332407666
339 409 546019027
340 409 409384618
341 409 748155045
409 342 199251156
343 409 868921379
344 409 380265047
345 409 729740845
346 409 973665247
347 409 566917148
348 409 824354311
409 349 946523951
350 409 336155484
409 351 768349321
409 352 239503342
353 409 55437291
354 409 346050359
409 355 275955264
356 409 799724977
409 357 2000210
409 358 487684680
409 359 558243625
360 409 426285701
409 361 650444484
409 362 962576084
409 363 950450061
364 409 48822575
409 365 720527171
409 366 116476562
409 367 806170207
409 368 240232592
369 409 329280383
370 409 11427616
409 371 676364727
372 409 422808774
409 373 682746119
374 409 645551753
375 409 238347526
409 376 808415918
409 377 54601246
378 409 8377770
379 409 163172221
380 409 605830471
409 381 311090727
382 409 45850331
383 409 282311632
384 409 500896524
385 409 236833233
409 386 68789862
387 409 218317121
409 388 361015170
409 389 496657786
390 409 556079188
409 391 631049103
392 409 591702119
409 393 372975311
409 394 967971506
395 409 739143867
396 409 611507713
409 397 482992914
398 409 673232271
399 409 66114583
409 400 929613097
401 409 412050532
409 402 377048573
403 409 260444272
409 404 242582298
405 409 80730894
406 409 361611120
407 409 711307399
409 408 295567800
410 409 474501004
409 411 316148780
412 409 389026003
413 409 608566364
414 409 891251226
409 415 712705146
409 416 962482410
409 417 736201231
409 418 718625637
409 419 286589473
420 409 978930272
409 421 710060816
422 409 83382355
423 409 578570323
424 409 251828372
425 409 495847372
409 426 763480984
427 409 622524782
409 428 979638014
429 409 905581721
409 430 652218290
431 409 134464831
409 432 697996422
409 433 251776797
409 434 287067823
409 435 82571675
436 409 481342270
409 437 112530439
409 438 356079765
409 439 450152305
440 409 71265976
409 441 177967591
442 409 609906536
443 409 149494565
409 444 517932161
445 409 140577974
446 409 427883448
409 447 121981131
409 448 868682796
449 409 208161276
409 450 18454008
409 451 754750446
452 409 54651895
453 409 67497047
409 454 586112616
455 409 72268836
409 456 958766397
457 409 18451038
409 458 82105997
459 409 327465905
409 460 445420422
461 409 396763369
462 409 367887149
409 463 219485355
409 464 713781204
465 409 957980449
466 409 452215911
409 467 86343642
468 409 746713970
469 409 643422254
409 470 715348641
471 409 868584609
472 409 539988145
473 409 838060449
474 409 350389610
409 475 465630101
476 409 207533896
409 477 655665704
409 478 725970215
479 409 718117841
409 480 713139249
481 409 417674906
482 409 613383925
483 409 415562042
409 484 10062153
409 485 606882740
409 486 584218391
487 409 535969763
488 409 198011153
489 409 410374855
409 490 128385842
409 491 46799006
492 409 63163348
409 493 945256298
494 409 994073211
409 495 378274027
496 409 661702976
497 409 130233518
498 409 45186941
499 409 983245858
409 500 469083251
409 501 753442397
502 409 933384706
409 503 563546737
504 409 620252926
409 505 662609553
506 409 264193058
507 409 411594498
409 508 369604882
409 509 811835108
510 409 188690666
511 409 161245964
409 512 356622385
409 513 668214438
514 409 801680277
515 409 707847259
516 409 341830629
409 517 908268346
518 409 553674494
409 519 804477407
409 520 78534399
521 409 476447360
409 522 603288379
409 523 348461844
524 409 148959483
525 409 781136433
409 526 922290384
409 527 663813186
62040190 440698626
781093629 996135522
511141764 981609369
724263038 803613384
721528259 912106500
935344020 937950366
765829900 915246090
404339196 850240468
77348019 549862928
597634944 749121938
413518325 758709673
883400953 999552026
115729197 898811174
508545601 896272542
290672064 494770241
932865923 949601118
942332408 991100928
989756295 994679823
961357426 963514750
849062829 969499768
618856277 863428015
896999421 948654194
855428558 978877441
910772021 917425768
568403675 808796626
292309830 504216510
401362915 715358751
904375923 959160314
925066663 979282940
460556031 842324905
967373640 988463712
848362617 980908816
8680069 251443522
118295871 456561287
766548157 983024247
318608045 544785112
155490574 205229643
604341530 859415696
226644660 988032862
269756723 383405186
957891706 974895867
579919949 796186550
197333831 616074247
57481482 722010515
342695925 621489415
650157811 733345116
950791812 977956027
668979514 814425897
415400866 812165237
776641426 908680502
768413680 779677584
821312038 961139941
866331166 951418850
450385801 894174630
332467094 729948046
890241125 896582910
387477817 561996470
633308148 980870509
59774447 729551773
225764814 270980607
5842970 93951004
656979639 713062238
488836460 835384600
682851567 697160601
1796739 692015822
175958611 408241775
519102064 808014481
100739686 598492759
764319756 826647067
841517695 925282398
184771723 820889032
492504359 849750546
685275952 742615234
590793112 995691331
440359835 487623434
135309226 922902803
517789858 839522008
356166440 867654561
586676493 651092710
430954511 607528324
951156172 982446221
685334069 728526720
869230731 911915321
155831636 900069698
488920775 707520915
829199479 857168703
658339935 992112168
201246898 951459800
346496263 531325324
131354000 441083379
307892523 676049251
252139767 812849852
647150121 803575371
687305572 796066047
508705517 747169902
101962520 320246364
982696456 989633132
329153465 455942734
65684715 729013496
363162845 617854420
430851271 632463249
474116282 945294513
526362558 803264769
449457989 464342679
868626542 917845700
491085665 555195069
928827720 961249006
811118478 831911229
570277852 627493566
359461344 925763037
105846675 364106149
504418546 963096655
725140327 776976666
644571758 781696026
620181898 846351894
964228285 983666564
824675262 948210887
997898848 998993367
686247859 895932925
413425909 979357597
985054275 986929448
614136854 797117133
433751489 669426528
433116194 840393929
30949337 598889375
489693859 578266406
626014564 745761321
354259123 825260271
267054018 767387796
178875511 708716593
884965725 990714889
286880743 808236758
382353358 999527910
820941353 956006316
27350739 140290282
535040795 547305488
751866415 932875387
990380012 992927556
454887280 962746478
611808390 826005132
741929140 785331803
624880754 910641147
845796009 897425633
705172237 756548420
958246896 977819569
627665326 947516089
186673239 812850759
145866384 835672276
146846833 927435928
849442869 878512605
988545358 997068301
873428164 892340130
866316646 992213585
634787527 650428397
615447758 755095863
587119523 757090748
153229755 697610661
141250485 465905851
406140941 603783698
112386335 857592199
89258651 178591314
63195570 181492012
419768987 976875956
811481130 998144325
779911010 817492993
303598112 495540196
66838938 880577585
528577669 578155388
691158762 796868779
150922543 497647946
350696702 694127667
241353132 277835120
719009970 860759953
193436868 854157365
305504801 586026047
941001382 943336524
462488295 746505094
983813191 992937882
750549372 879347744
727738852 917870406
590197818 676538035
16420069 841890664
874160291 977601644
163649405 236932353
921987158 972507691
752671132 776470249
804844222 940837289
658942461 712706923
927961477 946395132
133383291 818226348
830221176 852839180
70904923 532613690
595148650 597601028
599558037 858329889
839007879 981255750
320196929 524607497
471167955 887777149
404089314 701797266
330195363 350850701
704250563 745478506
721652099 900806521
889271602 978246490
86858759 925778305
6004362 927587169
141902448 970655104
542596396 753537069
844940367 849192915
674388835 760290787
260034882 622782764
747680726 946771512
316475579 825987661
620815454 940875688
53477474 570486858
710206526 953264299
224886075 851242522
462167237 992821012
641057858 682413317
28216212 157372608
203944450 259770822
723933703 861957156
453467929 975020406
127723321 556678427
998951585 999435919
417548192 533225198
294821468 299087302
55622886 166651986
617877673 768000368
626172244 886378689
279796566 476109042
33063874 522446609
787474184 971008850
118266497 433138205
339480622 617217872
154655725 445235551
977924961 978204286
925779422 947775911
822346024 954308598
504347138 580475064
986374531 999711113
750965576 985858745
331851887 423967965
123347172 851947463
399475186 615884507
758241386 814978235
875118982 944321535
670338054 920017805
434185725 737609895
444869435 518637991
37595425 490989756
347350121 812815849
398163701 465327368
245191629 562016279
487952306 727406822
166213189 599885874
493162837 989638056
410284963 884404420
273177547 514217911
599317225 865958621
694465391 900979374
77358749 827620782
947446083 961502246
532807308 861549364
910430075 967430816
887524733 938495989
114061206 809065831
67313986 716202535
570642897 636547106
162501308 268473312
810166899 979498115
618947108 828483803
121162565 336141558
948596624 965676031
818459987 946349525
27844348 721577340
699387673 967641256
864603524 964258645
645489608 788192770
732609856 920084490
132776083 257732617
73832234 421893366
878917610 953256282
880369822 982016944
146510917 221067560
165198869 947730874
307839363 367003826
182638184 905304683
772757997 993605418
872393189 905909026
831220145 877132770
542860172 644961786
631716424 937182319
578006978 581675816
404742261 475024193
289366483 576492817
711145489 875564058
930328730 949322989
987616666 995421946
103556547 399197235
400622134 536529270
109781282 973339115
264289188 649933753
762240608 843447197
673258264 839929102
310969937 938121001
888106546 939677007
29692268 54034334
483822406 694742049
828263169 854605444
370640145 733997268
361601329 412604625
217192334 622457824
983885035 997213867
331600036 700015596
861140270 951952595
904550210 928009926
600470634 703936394
613538194 976473905
960929164 982581417
958145736 993014324
597403102 658608952
524516266 526265203
965825677 991727396
323800593 487527340
679262434 753953754
545159039 572651670
629053497 864844982
20394805 41409273
612638145 705552034
838386257 959997482
