549 593
532 70 358692053
15 532 31345897
500 532 849258160
517 500 987439363
197 15 104513796
138 197 582558776
240 15 474732145
429 517 558394615
542 197 411453594
142 500 745230022
447 517 866254597
512 500 97687810
295 447 495102314
496 70 244654901
338 496 887895744
177 517 440657946
187 138 578973794
276 429 669357560
306 338 952793364
215 177 952466887
366 447 945107549
466 142 664559541
161 295 352612996
261 542 143403162
259 161 434347970
151 366 584910645
171 532 936172808
18 542 667637665
412 15 539892310
427 306 407430484
14 70 990463603
202 447 582207072
288 171 581403201
221 202 129936176
130 171 991492337
226 197 730993093
358 202 891195517
5 288 308391955
46 5 46245566
51 276 987709274
369 202 124759648
423 288 38791023
41 306 114377712
146 466 187760015
508 130 339926317
250 14 417930181
126 197 264814718
298 221 604383779
472 14 322253596
34 412 973290448
523 240 172400820
12 171 622985050
407 34 951762388
167 51 642129673
420 18 479412354
95 197 255697285
113 161 974923994
63 171 623822962
25 338 172146160
522 447 156726886
280 126 709969527
136 508 360481020
416 18 472829602
433 295 671755552
382 226 82227046
75 429 388049017
156 532 747921608
29 466 978272350
141 423 265742389
278 142 943374279
291 41 42636844
153 177 466271004
493 508 64464701
186 18 555881763
312 278 65682582
55 29 509770868
316 12 974770842
511 130 198057832
395 18 794544311
189 472 466920681
357 130 964387118
118 493 201482357
182 113 722279753
362 429 768048562
355 197 568044924
264 182 561673839
246 63 326996797
356 113 344304394
310 25 3428110
380 338 388997540
230 306 641449146
390 202 505455461
326 447 697042555
437 278 406237667
208 412 5672313
307 63 187638016
214 130 712920762
152 14 352274433
484 95 314861408
97 500 730618824
372 146 215239554
121 433 67968661
45 372 994065114
352 484 652129055
235 142 332156043
60 141 512969030
285 466 433052072
245 29 305042656
520 187 679845157
162 520 256094306
448 153 956431174
435 382 552553851
81 18 464607539
385 126 395159231
78 407 996767249
131 420 490284502
386 18 635841776
468 493 362463578
342 276 463725535
443 51 636592971
533 295 143379499
377 118 380747984
28 189 104042453
210 46 705569613
453 187 368814059
137 152 700511407
145 261 634710299
3 533 882413592
363 126 707885352
76 264 432567513
190 285 426651192
347 532 40435164
491 512 377942231
217 182 481289701
253 81 774704505
389 230 684699208
116 295 721698592
47 217 873109937
494 253 286463590
452 377 605759489
374 75 955508662
7 153 821042172
228 494 121954576
518 429 749838599
229 246 292404055
183 382 360338423
61 245 88208834
331 15 158676183
499 197 821803038
277 75 67354900
461 423 23388090
525 331 259839979
460 276 147472517
469 420 464258709
143 508 279947901
257 312 560589227
174 276 935417788
180 245 830192146
421 34 192740094
323 452 465329500
107 75 126071910
424 331 349192700
281 142 114994819
268 130 626525475
474 385 633279881
486 326 800465086
90 437 910794541
119 229 56480210
454 146 640276814
17 264 957663994
124 310 429383797
384 174 838618422
255 177 408481798
418 323 227232800
359 97 158808353
514 496 821506531
239 268 735542755
438 472 203104482
446 113 705292778
220 532 965135754
212 443 925732666
224 460 9689873
507 261 104529982
477 342 96986927
410 347 534583882
417 257 664942466
502 167 624031970
158 472 410741930
219 221 259469897
64 312 103783607
300 435 181589645
140 60 923067894
383 500 962796797
82 14 62951395
35 107 291205790
392 153 505425346
206 70 508183949
21 18 124475815
132 217 515231800
317 81 490863105
222 167 545980021
444 7 455051235
185 499 107429636
194 63 920430874
216 206 42674357
531 310 126066631
510 523 519475858
314 174 291354700
470 443 492151865
172 182 433669158
318 210 252711558
251 219 429395019
313 533 63311487
112 389 720992527
109 126 133076933
192 140 370238266
397 531 920033943
513 331 766501342
231 214 429239574
2 152 686421710
223 502 409622074
211 397 428696018
104 143 23694012
77 151 463698905
269 75 402487651
260 255 659944089
450 477 710495417
199 326 75307228
111 380 671573253
501 143 883152509
328 185 981490595
242 113 701705625
139 253 721433639
371 493 780004281
430 510 348081144
254 450 576616684
129 268 339638626
40 452 118723895
456 255 894866039
545 180 435003676
308 443 833112362
475 363 435366573
535 242 301985701
86 95 344817286
157 174 766673495
48 214 32258913
309 352 603089015
299 460 791720716
105 277 429231679
339 468 117980168
396 517 570106721
413 468 651118402
479 55 91618303
439 212 755174034
509 119 714866020
20 493 681696628
434 186 31920137
256 152 954964986
166 323 111015550
169 82 732519650
213 448 931213645
232 501 957141498
244 130 31442783
173 171 1396621
236 395 574462600
205 261 434153277
504 525 562938129
489 437 855141460
127 180 392123007
74 331 204719671
248 143 381520159
69 542 20633056
9 438 910998303
321 236 556459122
56 446 827605438
334 356 905024765
4 342 773760534
415 280 400837583
548 339 680223992
344 46 239398202
505 45 330142595
404 171 86570580
378 28 576998965
527 548 91701911
66 439 294922716
273 186 237822625
459 328 9430730
391 469 107489282
409 185 26884200
282 363 284684212
419 412 155026019
54 412 71127443
10 127 551745315
33 45 70542693
319 172 239177136
24 47 919519551
207 24 396836538
480 339 174175312
13 146 59270991
304 248 601054401
402 213 978490501
524 447 830591566
381 472 950309864
44 469 490166033
225 502 963543926
247 523 164778583
99 5 356787251
58 456 214414723
114 232 765599381
336 489 465013251
487 396 458527000
36 3 567287038
163 438 324039821
351 41 375308661
497 3 75703054
538 142 839207332
123 366 453052097
155 36 806503355
451 211 417054999
170 342 995686102
536 229 172321256
333 253 31187567
290 139 376132182
195 177 961841204
478 505 102771068
370 342 421617521
62 155 935439220
485 197 943245283
322 505 716922855
488 55 741824506
315 500 207029347
93 479 985893724
134 342 815373321
296 497 622527617
227 86 391526816
367 396 489617221
348 113 538112481
92 385 689819941
79 514 404244777
346 486 272857513
332 276 391921100
482 78 591816730
458 29 280244075
165 280 141730035
534 138 532644052
249 25 215402427
181 56 732112693
258 107 552061789
1 511 297891849
26 247 104782726
354 533 563148530
476 93 914770952
498 62 126136134
528 109 424811953
345 339 171732570
549 251 250365416
284 447 50357940
11 344 628702901
521 25 802009453
343 220 4245023
67 77 653996548
543 276 191848780
175 470 621808547
287 439 658160670
526 264 182743099
184 175 87469941
327 482 737075634
110 152 947029158
32 260 772786257
209 396 653572085
394 21 352694209
68 536 545169517
271 2 861984121
547 344 322655995
375 9 898139039
400 543 590121749
289 386 446003445
544 470 999558991
191 277 446355974
98 189 559263332
426 395 287011368
303 362 775539186
529 291 942199783
42 182 35427543
274 175 399444719
360 231 457455983
120 273 1585367
330 359 100918420
297 64 266049764
436 544 341800628
154 356 617729684
406 205 922205286
252 484 691244082
340 288 492414030
364 466 391438828
198 466 477471963
96 384 717053406
449 82 360987063
83 210 614112428
464 476 945720932
196 548 831910048
279 406 966577299
233 525 434220832
52 105 404622856
408 153 961469496
80 2 69981781
455 142 850374210
425 258 736125736
144 171 725615697
294 44 248209581
243 548 263048077
23 206 578705654
335 502 232519215
428 344 830139989
267 211 178392491
133 413 801738775
101 271 990902365
471 480 774729681
72 428 315862412
467 206 518600933
22 230 486606246
431 140 208430410
495 344 530483185
8 42 220825154
168 448 835655388
462 63 575054662
115 429 906590388
270 152 470199475
149 478 149428169
490 191 458485066
483 116 323107230
53 436 905108550
379 486 84893289
305 344 878456574
71 509 780579273
122 374 110065931
275 175 168015340
422 450 839862073
329 334 326730859
353 70 265362783
30 42 81016186
442 116 39357063
238 533 456078431
546 158 437029101
324 345 115653632
37 340 942577731
463 118 610218994
176 44 463949797
539 115 264838497
65 216 305135162
376 336 640515128
218 513 126292200
188 214 829313850
481 11 656141768
38 483 2974481
94 352 420788760
27 296 260137282
89 233 723627341
341 131 268963038
50 518 241119539
108 152 519139862
193 442 26678417
325 456 43041949
16 513 8119045
265 447 686978123
515 315 995890909
432 307 438511910
201 291 744367160
73 132 405337223
411 458 757246404
373 514 869149021
440 225 640119909
320 231 761421027
473 372 576952389
43 190 489273754
179 356 377988659
388 548 644552552
125 360 963829201
59 335 702415122
283 11 826845973
387 95 400648409
445 478 383881794
234 105 717610768
301 217 667608183
103 433 490676154
128 355 309949634
302 1 91439785
368 458 938979765
441 383 250468414
337 260 120817918
6 4 87472222
241 335 228199658
401 380 345863486
541 372 196630503
263 291 656507821
117 357 432845876
102 475 394835599
31 136 800287798
286 239 779880504
39 67 565862563
135 373 728160751
530 338 523738472
492 42 155460936
147 400 686232
148 544 180534281
100 250 456871631
164 89 69287040
159 162 68340352
399 423 283925141
465 303 223710232
503 404 374145212
393 547 94855827
49 13 231382063
506 161 646738654
361 263 921733020
272 285 767155106
88 461 862200196
457 331 168915945
540 210 170981974
91 476 367467355
405 12 650478259
537 202 780978648
85 429 124290987
87 419 712332193
311 368 781663958
292 517 917569468
160 498 684569912
237 329 595600852
519 267 871912394
200 405 27755788
203 499 514835248
414 547 61647546
398 36 982426765
349 307 86064946
516 221 53088028
19 321 555371924
350 169 314586703
150 36 810889086
293 292 767881882
204 168 34753181
403 473 449041346
84 485 490464571
57 507 185805098
106 468 885719797
262 87 115216661
365 299 718010058
266 137 877711192
178 387 586274558
47316 78337
88230 98782
73331 88668
40974 65872
37352 81391
51565 68866
88908 99700
73730 96646
516 16100
69417 90340
91953 92227
71047 96677
17701 87233
48353 74700
14032 25009
35901 75737
93714 95218
92332 97170
28285 78038
33964 40980
60023 79090
96322 98476
14781 36395
25693 40629
87358 95422
49190 87844
89898 93526
18553 76291
53268 80717
32628 87172
31655 45602
44689 88739
43309 58412
35736 54904
91499 99815
73176 74410
72756 77925
28992 65979
57772 73649
77920 83265
79561 93553
34454 78320
77089 99170
73591 96794
14151 99782
86596 91460
44133 46660
48642 65348
44838 72249
56786 64227
62118 65340
49819 72538
86681 99104
62775 91184
40144 58788
41670 93504
81086 94274
34820 65021
21146 42012
5939 60074
87605 90020
91857 97893
12013 94451
33448 77324
17538 77323
11591 26133
89989 97480
5688 52595
98051 98221
9646 44563
86349 96307
56652 81717
36793 56159
34235 99261
75738 89665
31458 96228
65733 84915
51734 78988
48498 51133
90118 91146
55466 82830
82688 95354
72559 79255
3856 96539
77313 94130
21688 40327
90317 96557
4293 36810
33308 81825
9974 62603
47560 87240
82004 86529
29820 95249
15094 99407
33028 44047
81390 90935
14039 88265
22737 49601
6886 29479
70573 92086
39524 98641
31085 65801
71864 82905
33599 59624
72779 94407
81522 94569
21767 46717
97384 99934
16237 90920
29085 78792
17980 54133
34552 48119
48007 82581
52219 88241
85362 94205
88947 94425
22011 31217
62291 91883
11150 54829
45898 92108
32234 41370
31651 97615
48260 73675
72984 74938
6919 32992
87919 98823
73483 82340
17651 97536
93918 96619
50633 68753
99983 99997
19727 57225
53492 57006
29026 87853
30418 85421
59108 80167
92174 92249
80528 83183
72396 92050
55919 81965
92232 97670
49237 67559
87385 95325
83400 90618
21384 53916
77124 86618
1218 4384
32284 36414
22958 88392
50688 84986
73687 79750
9768 20427
51494 53468
93843 96797
22866 68218
67716 96706
59289 96755
1007 37263
47584 96376
70879 86773
4398 59282
87954 90106
52009 57569
3067 26755
22442 32081
95370 96404
58233 80779
10748 88242
28755 85395
45672 47429
2096 70489
41163 43916
48947 99900
24369 83673
58865 68383
75326 87419
23584 80446
62051 93921
63964 72211
94856 95545
77829 98472
84836 95008
49043 93696
18536 37467
99584 99637
12936 43437
47147 60503
6810 13590
94387 98005
96495 97375
71941 84574
35000 53739
25439 94125
26531 59608
12730 89516
52582 54669
14182 60164
31674 62607
62672 74845
72756 80934
2428 28459
43013 54383
65214 82351
85326 90390
47534 64879
96923 97126
26564 27582
1351 91286
48377 69736
25612 75977
82374 90348
23278 38671
31064 95140
79124 81684
71516 85228
55806 59859
70496 77260
41865 81712
532 52894
1136 55518
51123 91801
8330 13901
5108 90970
96554 98798
85902 94938
15203 17764
67 91014
94169 94332
27833 41216
18591 91527
69152 73061
10891 46356
26466 82356
97511 98912
63948 90283
52069 61312
39793 64602
77452 88690
14096 35024
96736 99994
86114 95433
61767 95557
4291 41902
70087 97752
91330 93511
52459 59965
35424 86237
12028 97627
75492 77012
88504 89653
10026 38628
75900 88575
1707 70932
96708 99854
61507 66042
55245 71192
29596 48343
92931 98639
26591 38597
82816 97884
98513 99664
78341 97484
51900 98518
6608 60163
47243 71428
43827 71073
20280 91672
42360 54388
35777 59883
16369 69988
44139 84138
26281 30436
52208 98956
3517 35497
90625 92557
81638 87278
55259 99319
85183 95090
96242 97164
11053 28940
63085 65849
99801 99873
98791 99787
60334 71259
12803 44934
58321 90057
207 69658
19892 52931
95614 96334
33045 92888
63841 84635
28087 46552
94784 96019
72858 85028
32966 59991
79178 80612
10817 94931
39233 87054
22123 60793
68374 78713
10245 26533
39704 49730
27666 45061
50636 61522
34991 81128
70643 93237
2458 37913
63400 69234
23058 72665
26872 51211
80027 98647
95559 99062
31656 99164
82682 98050
10400 10876
63400 65608
75105 97466
15599 25637
42601 76787
89273 93079
10359 13386
1810 9947
59060 90414
43554 91105
79871 87182
92348 94236
29916 64509
38842 48155
48628 80322
58817 89272
98387 99523
69735 97945
38956 75687
26378 70198
94465 98544
13556 76296
72028 79837
92541 98488
66468 96796
42307 87274
19900 87936
36749 90432
70689 77947
64955 93939
92800 97977
86688 90992
81617 94020
91147 97107
27635 85698
36953 36956
37990 78124
56046 85623
66823 85980
28673 84122
1947 16020
39923 58025
30854 83120
94220 96202
88828 95572
86033 94712
65301 75662
34430 64652
54886 85780
81524 95818
9862 68201
80109 87782
4119 7146
81644 98183
80758 80938
5101 14817
62718 91920
50247 53276
16983 90520
14839 91325
77328 78597
56771 97881
98302 99176
98227 98228
99269 99652
11862 45407
93828 99910
24458 44143
45822 70015
75742 78039
20363 90177
56633 58260
18582 81376
10474 35392
11657 23948
35765 80822
466 62625
42487 44533
66421 79455
40170 73417
8580 41166
6269 65482
27813 61206
16932 70622
96512 98638
15124 32180
80548 87120
58612 71163
56930 99157
51209 63109
97178 97828
36386 40041
78793 98907
55531 76698
39564 99338
95549 98886
59833 61208
11892 81986
41755 94685
78160 94229
69376 77520
91636 92852
25939 40311
75821 99829
45989 72996
57362 99853
95507 98466
97931 99856
86161 95065
35911 51714
88772 92309
63862 96494
43001 95560
3575 65080
77015 79265
50212 63202
78621 82425
74804 90427
79358 82545
30066 60897
80082 91086
54886 65166
47334 59297
67514 76186
2136 89927
10232 60918
29219 38124
98301 98649
13975 94568
33061 58036
5106 38356
33128 64558
32034 58824
94683 96481
84517 90191
38278 91758
2477 70229
83105 83405
66055 98580
15237 85047
99609 99970
10024 31681
86713 95861
29428 98361
43537 50712
79547 94819
67752 75573
93788 96956
62116 71680
9782 68337
88438 96388
76917 77900
71189 87013
5374 66238
39623 74064
16744 39529
82192 86124
70054 74653
88310 97193
96660 99308
77476 89872
99425 99731
61478 75389
3714 11017
1426 98428
34211 91439
82349 85976
86615 92302
96083 98639
6513 58179
4458 28458
91330 94139
30506 85279
55800 62980
98247 98390
40046 70814
66589 73984
40089 54007
76821 89011
52773 76317
23753 94509
27132 63818
25807 40376
53233 54499
70321 72819
94930 97059
69410 85229
78121 92266
16893 56054
37407 78606
41379 41421
68640 69103
29590 86111
30330 73087
35590 84268
81032 88209
57760 83144
7528 50914
7825 74682
37130 43270
76661 79403
68870 94186
70800 73877
76723 99174
28716 79517
54827 78497
54337 94801
73965 96442
95689 99032
27800 85365
79330 95484
65999 85370
58025 88535
77490 87780
94405 98894
3670 75295
14741 88602
75630 98233
8380 9629
51614 74860
21987 93538
27431 39763
70186 71355
3020 44736
87334 92796
44449 73958
50241 73660
54006 86110
64556 83761
34487 70017
10111 70087
31839 67446
16815 21983
55615 91623
31804 51339
95809 99588
96575 98775
62014 91031
61751 73704
98540 98768
88730 96072
76509 84427
31360 60892
36555 90442
20127 21910
48716 89451
99039 99928
91217 95663
11836 24547
2520 41145
89866 91375
53718 59399
20020 97115
67367 77268
64424 73911
12209 79904
25961 65078
6008 88063
20987 99989
13231 20197
19324 30867
68548 98211
4951 25035
10186 14221
13418 87911
31655 36683
29876 97325
25507 82143
75055 85143
99804 99816
53399 86561
94422 97601
39662 48796
10669 66711
40879 79740
29614 96159
49342 72535
65706 83281
46106 95071
