169 968
32 130 981599660
89 32 943641882
45 89 69613844
11 32 44433797
54 32 96046433
151 45 879860376
157 11 643619312
160 45 494229199
81 45 547490320
107 81 50484490
71 32 721123096
129 130 126790658
113 151 46749708
126 45 853156422
38 130 279533115
12 32 519746221
124 151 755095853
162 126 633574451
20 113 369898372
97 45 21943561
6 54 327220468
112 12 39913374
62 12 880328809
15 113 459967593
116 129 854866205
53 6 542175072
120 157 800027936
137 120 170730544
134 129 674007664
128 11 399081500
36 89 3978496
46 11 22709783
82 38 143279961
100 6 163999285
72 126 26937356
70 32 493901275
1 124 945296909
163 36 301488431
26 45 66005528
115 38 315092195
156 32 602004365
169 12 628453024
102 54 47581390
76 116 4834886
24 113 27907632
41 38 657515288
88 54 910571862
114 126 171995369
166 1 619773326
108 107 46246507
74 76 199421777
2 1 492459243
9 128 591345315
96 156 947022787
111 100 749339014
65 100 328734511
28 96 734654102
148 113 657356847
139 46 929183197
50 156 410888174
29 2 301196412
77 81 130467768
145 24 467649280
92 65 76759491
8 70 991956198
93 134 656699775
61 100 132478174
95 46 389358932
91 89 66557468
44 126 2308427
133 6 202736131
56 76 160536799
165 124 242358995
43 56 749542569
161 6 192717484
105 76 814124187
7 74 34150573
164 108 625893469
132 115 770680407
158 62 649750770
47 46 173994582
119 53 294043240
5 96 489070171
75 12 524681434
152 38 129366010
35 76 392572081
90 97 413262283
121 113 426877610
83 169 655055741
16 111 980411229
51 92 392325618
106 169 757428102
79 107 483119533
31 148 973062746
3 158 840679466
21 151 525263190
14 165 421039947
59 35 181929216
23 145 469850101
127 1 439940352
25 76 308390601
144 6 637557420
63 5 882988853
143 2 581257575
118 26 325537907
80 59 962500694
68 6 784944883
142 43 636160816
4 6 996084342
109 1 275655243
155 25 825440981
94 100 933892439
87 61 186851808
153 161 152289154
64 120 511671691
49 107 432354232
149 120 953207485
48 102 27625459
141 28 762372770
42 28 561255925
103 61 574962504
66 106 738649746
57 109 578302730
27 115 470177191
146 36 925316392
101 23 426167070
13 5 674235968
39 127 355964428
104 79 791456562
22 89 459816143
73 64 587186483
17 116 898333938
10 49 784225257
58 90 547463553
135 7 124531782
30 61 198482349
34 76 539413665
85 45 215172402
167 115 774495224
110 108 86969923
123 14 808731084
147 121 705344906
60 153 449924973
33 147 723251471
78 139 653153483
117 128 827980377
159 80 363622572
52 112 421713676
138 126 119111140
99 96 644458282
168 162 151618913
55 5 654496619
18 145 867409123
150 144 821962108
84 94 685793682
86 65 624049272
154 60 393743900
140 70 415037522
69 80 56885328
131 130 731810065
37 137 105042863
125 134 257907027
98 95 622360090
19 12 375427787
122 24 612377676
136 115 77013333
67 71 600281788
40 96 876520468
732005435 751064108
916547564 941710751
581605474 979161782
504264551 804595337
954067770 964129997
847241079 999541718
546356756 966657236
84252661 157460676
314066069 478910536
922170146 972324477
663762738 734917160
56011542 632801954
805145603 837525900
502782240 863938262
14710887 585121322
702548509 999954208
199674404 314619135
95518516 665376120
282743081 550511865
247087770 773383410
783480177 829426277
910541202 993343917
573309754 761395742
364606691 673680680
809705759 963216682
818218473 987686354
299694751 653294943
39552528 867718030
918162795 930051674
92447692 363469914
474978546 847024887
462648223 695683761
125851930 525607100
144297149 839009036
59707412 157671704
904715375 908809518
938431054 971530582
813115451 856926326
682340263 780670753
759033968 915141802
720640174 821212970
748887595 891788181
245050467 528797493
929082389 998825026
939763293 975393051
469854824 620183809
677513117 770945273
785234445 805819484
981673893 992084507
871406490 872378945
662804958 832514775
946003565 991497804
707129087 835888241
153438539 328666651
323251598 506256970
158715266 943670560
112813380 823858859
645406723 703142488
204949038 602829187
994558368 997903944
628915364 826148231
272654002 947040208
598341646 601044233
760338670 831348209
502944244 811425281
971901305 987128652
612873472 653511749
605184988 680439736
225834652 872621275
93816258 668037797
823679580 938206201
565125309 954894652
457952927 816169571
839236343 891097976
431051681 752100667
631076884 681988527
122150515 414291214
703440913 753864943
44142602 225667928
913688 473815138
952486763 964827558
676008649 975206862
13914649 245264737
568192753 928329481
875062465 932724674
76175393 870631744
853609874 881340237
867771039 957544581
775217441 928675415
527683305 891903532
192651191 856943046
854067631 958497589
708480733 787388378
780039006 989471084
49514632 947827709
420388493 746680524
700845881 969332101
893036041 968867293
174535002 979376938
962656243 979920770
10175659 776028700
998336875 998343673
441745248 790607697
777055218 829222291
411255877 819880803
931920146 989812228
520837593 532844479
303387213 320585509
589962112 604190188
972290156 972456513
732773890 790096423
863605402 925621858
236667632 802297211
381478613 831300291
50009247 306765799
328739881 861727788
85697911 158703429
305665059 717354982
617696918 687203138
282154551 443940436
671509082 995227884
701501046 819465595
620023301 822906403
480220434 837300679
281607536 709636177
157931640 781454753
494923864 508898734
660564765 902765684
123142633 471457504
230863386 986231396
192308731 315495195
247290015 273612555
125192675 190638411
451948706 772344163
344362560 498443559
653896233 923469028
970439536 972084241
642354238 726402775
194364570 907536696
119598736 168605558
702801208 944427727
880278702 893993767
345893451 949163846
548082983 922242485
844586178 879384292
18136565 449751202
747965134 863677757
546460145 734377619
779979624 827683513
936701075 951198696
531047110 860660014
918991673 931273426
13633234 316414031
676544456 697367058
234192042 486434056
40596617 817082622
749835508 806539436
434252419 665977126
476850875 737575917
726806807 801623594
544654805 716612694
86729284 721273840
855758526 889011032
260360349 657187792
299735667 711281332
32676825 180954126
596049886 727892469
577233208 814406577
197644464 542324021
777335871 939187103
49931191 298311063
842152214 917031581
881591507 900691340
153297390 423649910
960921533 972443086
480226616 773246785
515224599 568952086
682801455 848337688
581789363 967169398
883958099 935801370
200403274 780682073
139484037 422398544
716183758 805230199
106154860 457038826
569568296 885724885
830411242 859230808
893993313 898671290
26830595 418128451
592980533 918908514
258542899 884679787
558234558 771209294
790308544 851512626
511818055 539156046
292390855 302626443
882715665 884161547
890255334 952996070
591253669 978125053
645920135 951959564
551403117 635641745
839813568 896180787
952492961 963863473
2160287 425873043
387293919 598434965
509157902 723437761
394796826 877705293
906628279 994130729
791125080 792353151
192104106 637512341
438187118 969089321
2927802 770782066
862336363 904301302
253704228 845490115
89138494 687494880
709495274 927231866
235252116 643386521
589492512 658729489
848372377 998985625
549045575 600342780
888938963 984040006
525907525 944909754
55202000 629400222
559749766 789732342
310628422 948726701
365492900 586219295
813351018 920856864
142062498 201284609
417152186 956434471
579132137 837701437
194908094 536764441
212353960 267446051
263432766 889969015
797571616 885940644
837616707 858621623
836139296 926654069
913890197 926784195
477403397 506531777
86839763 129206469
648270241 801781849
743895320 858067028
449899225 857425624
918544629 950751247
964312308 972534178
994363774 994906581
926778578 969073472
916809153 935112327
784570855 869826072
426494471 437250504
214266714 428192216
331708004 797713970
128020054 260238270
709436431 912329271
72784641 996654478
395564485 928980359
180272064 315474069
285493781 620023521
888975085 990083549
641473545 926474377
229229759 973449994
311146758 588095564
100471797 636282569
55247154 569610829
460649962 798441903
719587092 890482788
455900870 915301318
760216173 809696962
658445134 845236773
474168137 760041649
589507885 674373554
642257484 829514709
943881560 985326799
726784908 756028773
766388027 942903135
530359485 562648933
314428107 448727129
240453553 513718520
433527441 679352622
245409094 486389227
606765680 891713842
126445051 532944916
290626700 384281662
296470552 717010127
760709858 804850945
116854340 243416725
812805912 993413507
325930236 615786634
787557865 919236882
393592004 445160232
457844652 653150074
135109748 894030974
114720626 498650620
581798247 908406865
684048865 872698653
98924556 367916792
149714228 983986570
34835144 391789323
174385013 547580228
238990795 372614296
741636806 793786572
70023694 909407439
738097115 971298135
435325509 804326220
153495389 972685512
843931053 924146570
477551894 635490877
368686401 408418553
2966005 340466300
657619866 966666349
263896652 983295224
611218353 701515256
298798857 926513937
47732577 313218427
443633894 662444246
832329742 874573349
595968925 823160595
437976723 677036337
276455702 630144145
667039696 850373046
384565087 626284369
230142276 248437608
714171307 755929868
987980693 989805053
673357575 977430470
890553143 937740121
734684944 913792855
578478520 753373412
213868227 877634162
189147087 626534501
914092641 918430686
297442666 306936147
810702215 893697278
639002101 896690139
246591418 988136878
657990203 669666486
406519095 984403324
440356854 983216489
798059144 976733301
368127158 828168106
917945972 956489839
943754676 989190566
530598395 628988555
634401240 748526942
185428024 494246900
434501370 552417416
290947221 792564267
205788716 602705776
227487102 256087531
532660172 571440643
275789252 633277511
799446621 988967099
586273544 928125904
224911116 990600157
6824853 646714557
829626531 903079049
335328088 937667037
229824323 490204989
185018089 767824077
868438511 892594720
666399512 877780346
688591470 819414367
993680693 996052569
957561932 977199969
730639683 998252161
85026939 330871951
332819146 346850974
198963248 990703342
661063514 755670182
377973278 638494380
240560109 637985998
298993719 465845942
976514310 998764797
872581832 992715240
104573034 172071264
617907551 815746429
169384501 320282673
76956767 734496748
784524583 802168426
506693384 966356847
659828052 890100615
989208493 993884434
652252478 794737218
539783459 612402522
698352214 941710145
993174135 999498310
794789689 801895784
324125624 704596480
862414378 907019423
80535836 281610606
859173713 953466063
711496672 933716678
972528712 990490809
491556096 508026986
540455554 977555737
899058326 936100469
519463192 849375509
565183229 954304834
262378350 739517936
354788466 962741205
308860092 600046524
49030511 430458715
626027766 863753613
904790163 937385695
827116916 863297641
264769317 522419889
629545239 771747543
526595912 733057024
876768102 918038590
379546179 503163494
39295679 709935458
952705152 981276870
719708135 771261136
195269037 502737724
220873156 827173087
427563836 932190183
511517976 721800777
354657080 718674030
553696931 743029117
958261153 997611106
676415156 969526160
396778897 983635984
923893721 946643244
747026937 805845700
637506127 839181457
701485301 728432249
281437753 790765162
18218993 445846634
481779293 777234945
133213803 373099382
844151728 910520316
549708623 734885281
892204890 952968657
222062969 744965234
811985934 924862495
972203445 974314273
493362257 661788145
675835052 878469667
9595677 460295643
672623619 975151671
340753821 599371424
669938668 916782253
504972288 583497753
959934052 987917959
458614207 760145299
321270893 625232344
38854950 287543421
28291708 974770581
132735268 734633331
218497767 596238225
405242322 869684907
140789432 904134992
934527314 994682056
941306214 967087360
429918684 732039380
642837446 665060535
992810520 998849178
44909180 882951295
84849003 507139789
721534778 858139724
742527197 919523281
313128190 646402644
564292048 694663583
913370 320335937
302471064 672778139
645695643 780546731
526053696 759749547
59912022 119984996
328533752 691865095
42762171 667676226
77616248 787673376
183754379 824363478
680920264 729683740
395122043 961445654
984943424 991181043
851771001 926774681
344495933 818331492
569661915 887727532
453487964 464187806
722280704 854877295
719987961 980642046
239073242 493301243
457196111 469037965
660741160 824468255
626038338 973857380
392803862 786465463
958989584 976773068
7806899 688973936
831172735 940623167
844191200 946537628
422004068 609781743
391439442 922016064
986341404 994460855
579048999 745885104
488923954 661943685
358521341 439900045
693247324 880459576
842868718 967360323
973669976 984801735
67681640 895172538
134792875 954054897
523867144 801726653
689799463 767191054
611607759 879463759
955087248 971921872
734475330 814369112
885872578 928434692
710952285 829703231
369628610 879839104
292684623 903822249
375768131 614524720
438277949 521673033
887777763 954150809
763361771 879731954
887815229 952159581
993357641 994537380
874881791 929824535
857817069 993804530
356282406 586035802
491485611 702103860
188015581 682113593
924702395 976735260
587464918 787054484
347160695 911067733
211814079 754703798
538376544 822736918
28824239 184941058
572663084 646242069
715315003 805018896
103146361 426407558
81830234 897701333
467565932 723710927
658233728 814270336
966198905 994839230
238513412 952745981
507056695 578988812
272466954 969750084
76179484 624543037
346955079 722241390
116371309 752270998
551130219 923518919
853511071 984681522
252951339 648134324
132272665 582538535
426043582 447703753
52265949 936895242
682624908 696156280
953127988 963563992
737943103 910696606
417373261 469269387
815962025 891371247
1204782 618639103
889118159 947870989
350331485 441286443
802156518 868017756
254520686 855645756
216703016 369284491
869299379 936468750
823976776 911544088
871041374 895955504
813187779 903162307
102931090 103599899
947983485 952022471
405463756 697663664
235862974 983397946
609420389 618015101
371369453 937195334
762216868 831409964
745841051 994497676
912795923 994228024
243386631 930206819
84140995 236128048
479301726 888742458
230516113 717479109
49837108 654548360
658094739 778799657
358265782 473322932
539209947 621793549
398600708 433941849
929736505 986440622
805182797 950420713
808770081 976025596
264260248 869114595
109526470 289685321
129639739 919869715
578845466 818441045
871005972 885149813
954622073 995978146
350091365 995995104
488248626 825330657
46196909 496783241
102982520 358451582
611404192 649512469
870583174 975484431
551661924 860454687
15076014 813148483
514710262 960468064
113855061 648689051
449402879 623141957
623428244 675285523
460743322 892812421
18493571 842194278
348926736 637047834
829329309 947657950
430227839 980861543
740334441 909152895
762107991 975571435
365345635 997428978
42613070 832725376
668205126 877958584
262542473 904886865
78404483 323204078
337814185 735678692
921767242 952803529
690354715 870908707
472556272 861282750
800569371 900113858
719750474 980975040
855243948 957747738
995371323 997003683
462090639 837798318
932301202 963346093
3856279 854292916
761445788 763223326
412401247 771684777
624784252 633956505
527195679 994552255
636087394 834254272
654146775 753933006
300241225 379483025
298141365 542736329
136937939 817775322
615415508 995281285
63640172 165001758
225740264 493406273
297365648 425874395
822490667 898446056
84797051 831922928
960351837 962850476
235135501 406617188
770976260 933269913
816636236 977197233
958941333 973897701
222843222 375320630
776602754 869269058
379112446 508109315
416920092 728803471
410505056 490988894
591764447 745835458
225060206 380219104
550447961 700850056
632753761 947956858
953153178 964951533
178566040 320119935
171028711 334679412
77185346 520971010
419393802 662346194
317650822 859545426
275451306 329344274
930409390 942346431
772965374 931792651
343222930 916483512
753421345 913400185
24546110 486569623
633893816 919608807
584379424 957451521
155538352 656282086
127491662 910775962
996597982 999082310
542257813 572824694
53580287 767981125
159512767 743492115
722148090 877164668
511921925 674236458
641735534 755119751
492069123 815106486
993764130 999022380
886104078 916929116
820161536 995551742
536387010 884135193
383997525 421600263
816444579 910497337
508222075 540969609
577519707 672826430
612437339 668368623
492851820 533775943
21248741 498877992
459992253 850831580
196785468 451435581
771965602 837537748
8447023 849306920
572342701 993477986
46939930 589947650
767542862 995713589
69343405 115858487
602949200 647223509
971305970 986168083
546127521 784816888
441798298 797503296
660966428 796444297
817819035 914771192
996346609 996859030
190070183 815228191
978636240 978986971
672617918 744134717
865013835 996318397
317350004 642271598
536979318 809981905
224368217 863916407
917624204 929633733
219665122 690674237
453343667 709761324
21508 53267836
853701096 914741119
85082870 927323186
505739956 789708440
251535104 513353638
177912688 560519815
234185329 899274411
719548168 910861405
636582871 679885218
69731878 640153546
787062046 829731523
581974603 619647702
793092953 881257229
86973940 802620050
266534141 430661507
83886802 813108539
397387941 560619530
883350816 974530412
71678229 104086243
177550944 701933665
287167140 982549719
670101123 728198814
956446066 992503283
651813504 723727905
637890833 915135971
697058871 867749384
527881407 570008785
975371840 979409299
631499513 870727359
147327768 843396938
177132823 212927421
989961413 998894528
86119679 253881390
148084149 628572305
701275474 936483910
240880457 810880746
887017153 973219523
446683559 626566434
517972850 979701101
138124176 414615319
30240444 796219660
815223698 835160997
79445836 766811350
302081046 686861051
137418049 694143034
134883860 456668200
848639892 964608400
840433083 906610856
722482928 765791823
60175862 427983970
779050300 916501680
902885809 924392085
833624313 961134126
82937726 199681175
677940869 833869575
444464478 773768366
525235722 917037955
237797325 339113614
31634994 33433502
965295755 983932061
990841027 992224273
795848851 912772865
798445005 805174360
895346137 946746945
334834147 614536737
880557281 899730920
726563528 860522766
845669240 921573943
916550604 922267241
955918594 985890726
22658127 518529931
658679114 998301768
673441528 864040169
803591661 950024718
359489889 425892225
529016357 804219951
459118556 679537901
26942034 808244696
102851879 599948789
17429812 553472906
988425784 994175729
950315326 965053401
220638698 705325586
439926631 739776237
131983965 398703466
802285725 931281499
834741449 965939397
945904189 949177502
474005436 571983921
676523374 911370363
905859631 944235380
100264205 728951840
127945111 693026814
878089585 898937246
474561108 800538286
862074444 877996672
161465 866678225
123510464 661619539
395505573 436952890
426981161 938547278
483671877 757359270
751496860 983416134
155787399 520599950
155464662 212986173
167811999 561198403
163869394 516923250
148447403 620427582
687011325 803347579
63248200 269196394
663067179 815018270
142027770 573830258
463655874 710948200
958132228 977340805
143705874 763066114
224153813 804362562
454212940 655078018
64847431 262642387
307387169 808031249
83181848 434219008
512221687 820052043
783752495 953128453
414456660 980925651
469891859 541893839
674105808 780869725
64497836 631776656
510364339 576986558
934163293 973790778
635954399 918268428
402762076 661817637
95827451 781330246
535352505 952506605
986450170 999485689
79343324 526819622
570018842 914393631
457761137 930077587
815468106 947558721
162296586 621522852
183819533 331395770
768803820 833013958
730098819 900408937
555857672 732641706
4894188 994858223
918763057 932506596
314393765 792168939
92221731 700490711
813697236 861568254
734613267 980651465
377166306 630445750
85533919 367870254
34543229 982049798
483786764 676496711
493422750 586717424
414663248 988361015
32129598 38837420
214045314 885707490
146581322 996996209
13677973 190408782
664789603 774011423
106242423 718105408
159332051 430826825
106421945 689654255
821053229 982776892
948520342 962998202
127554115 962088164
661065185 864776925
665385616 766076288
421362033 782454182
465232732 982291616
115583204 974032645
104025948 832705209
254701499 306485534
162160043 328202457
852716020 909075334
451643529 823729523
998242898 998920357
737650926 848356655
158017691 501635636
34869317 107904099
134885851 900130670
708088423 711322476
360663399 703018460
644145175 842090669
565297646 952926836
407363700 681379457
148682373 153395407
829690501 867276993
80355854 131416892
208513503 264072232
685500767 779205607
2061616 813747282
41370404 283522839
961111280 991521816
575657277 747034711
537729382 778897764
936849167 968704533
956964802 989605526
459387780 925796368
6923180 258367540
77096980 265201944
563197420 565231182
685263118 900882333
705757040 977392915
942571244 996036360
29027973 43043039
306970314 937784217
772202926 934630222
488147931 886661542
593775259 787295532
219161059 328280903
739223463 982775024
361519870 365182595
631388491 927648890
374054137 380022466
583126912 782076260
131724401 352428494
68441500 126566211
425996864 444988488
786499100 953314420
983447888 988697763
337235272 794977383
598930047 772974170
568891065 778158143
90281238 373530514
203951920 881124475
656047848 822019876
658573507 672753161
378925281 734635031
616154085 805902594
707444425 813729726
893248787 961447266
454869691 701242886
270289679 914087536
478095436 948707123
474879799 737802377
570198617 881608717
501780663 660445875
770734722 919961641
682892672 892764397
147857523 587640637
237196929 374503648
784077757 948034713
465346058 636964420
556238632 741501947
154214930 885685528
151551314 736633280
261896608 332910363
607071171 914949494
93329768 386895117
693053627 906055273
423754690 845984527
872950982 989338228
837710626 910652695
281034864 538020172
315689553 441015840
202313430 361500580
980190227 992099196
697745437 800378021
937818338 994266335
960910268 964037171
