355 697
238 254 44665
132 254 43832
218 238 71663
272 238 31375
124 272 47240
189 132 81602
49 272 9005
172 218 58605
144 124 90726
269 218 43236
52 272 7466
184 189 35525
104 238 50713
227 104 70809
256 49 62798
80 254 7333
60 184 95639
278 124 79518
241 144 16976
326 172 77254
308 184 29283
6 144 40998
142 278 46549
153 60 51157
139 254 85643
214 238 99358
244 227 1125
193 272 16034
355 326 77103
42 80 17949
191 42 56657
19 49 70486
84 244 87690
36 84 17971
12 244 14735
194 184 77502
70 184 85261
307 194 72385
17 241 79941
322 194 23157
213 214 78017
170 42 36487
116 322 94959
291 193 13862
44 291 47293
290 170 94395
167 70 38166
341 17 68756
76 355 63348
282 36 24150
173 282 10547
111 139 14339
50 291 67683
96 355 8285
349 193 33903
249 241 26098
58 42 42142
77 184 50336
265 278 21768
210 80 2190
325 326 87734
252 254 55263
335 282 10843
160 167 56088
33 104 1025
187 227 21058
29 84 96483
296 49 979
64 44 43329
101 153 45536
298 325 60767
162 139 51802
110 282 95233
123 96 94221
114 80 47872
86 80 2669
150 193 62901
159 153 57340
216 278 81565
73 291 99956
250 70 93986
248 70 11988
25 132 75320
47 173 33184
299 307 10246
304 210 52803
190 144 32061
301 349 2732
273 50 24988
154 252 74662
275 123 3108
155 218 95628
231 73 85394
15 265 50509
283 301 7427
236 64 65718
140 15 13631
13 244 32444
259 272 91947
235 349 38097
313 275 46161
183 254 48318
134 349 84990
37 218 34197
4 299 89973
38 29 33675
338 44 9064
211 162 5460
345 184 29501
156 86 55501
94 249 79110
57 96 1947
135 265 19532
90 296 85333
27 282 42664
222 80 26666
176 227 99193
18 307 73191
54 272 41199
223 210 3728
143 272 43026
62 256 49251
181 104 40971
122 170 71812
157 218 87562
99 256 13586
295 190 53504
352 135 88473
340 223 81761
106 211 48426
35 244 91995
89 214 84164
113 222 36693
242 54 16065
198 101 35819
102 110 40281
232 269 9328
217 104 15789
78 143 41108
229 94 54086
175 187 96560
260 304 30749
253 232 33189
268 73 48182
115 238 32006
258 62 56845
8 76 43569
323 144 43508
56 42 88630
336 54 70192
203 132 52194
5 308 46077
66 173 44199
85 244 56322
192 86 2714
53 25 22222
333 248 26050
152 217 96012
264 181 56395
16 291 30614
48 173 26119
351 295 40409
65 49 5382
277 296 43692
324 4 10704
117 187 85884
228 203 35534
243 80 98253
46 259 65089
7 253 91044
316 322 97372
92 15 43459
196 44 87649
209 335 63886
103 252 79554
178 42 47655
130 85 2517
300 275 18411
68 323 10728
61 19 9018
197 256 69252
55 194 35374
22 214 52522
285 13 87186
294 295 75189
262 16 56168
137 157 28422
314 85 17815
3 117 49846
28 18 57003
79 301 27148
107 252 38974
330 345 27294
164 76 60470
200 7 70928
82 94 57729
43 249 20287
344 181 7790
75 323 13656
71 262 13903
318 341 7635
177 314 98617
306 227 88352
182 187 42715
270 155 84962
287 84 11880
199 218 84106
87 318 7783
350 66 52905
208 130 33826
149 111 5181
289 172 51292
263 79 26899
271 85 79929
171 124 14284
95 70 18165
332 47 16900
67 155 15421
21 154 94271
100 295 52621
339 67 79410
188 248 14921
321 301 36861
128 90 69713
11 85 20303
1 12 13947
337 218 92704
141 4 68439
312 181 60855
245 99 94061
343 236 91677
105 278 40063
166 58 71226
32 192 12976
39 27 18912
286 265 98085
119 350 26769
328 275 56074
327 350 30979
72 189 63178
288 48 44091
161 55 82082
136 299 18605
14 106 69445
31 3 17545
221 123 44029
163 79 7012
279 218 51458
133 339 19933
81 296 55609
317 337 37433
320 199 44537
185 150 74228
20 46 70980
215 217 62410
311 181 46552
267 323 40355
40 44 22717
127 173 71121
281 12 26374
88 163 22583
69 298 85367
239 22 33899
233 200 14514
120 177 54804
97 115 26208
126 122 49270
138 189 69519
329 105 78309
112 340 2106
26 32 22788
331 244 80062
118 278 86432
24 338 58723
201 343 81574
195 36 25707
63 39 40002
246 210 38435
186 245 87386
74 281 58569
266 345 63553
51 270 45349
257 277 55053
261 337 92090
247 152 58711
240 68 95276
180 171 51450
226 19 28324
45 257 64747
2 39 5960
121 60 43473
204 260 20790
30 343 45369
168 213 8348
353 181 22808
237 314 32534
230 94 51197
224 291 68283
174 130 30391
280 133 85567
109 252 35637
310 110 58699
108 239 10386
225 318 55375
158 80 57346
169 136 51114
212 191 97910
91 75 65575
342 317 27013
148 333 24009
129 271 88585
9 187 51025
276 141 2007
319 168 73155
334 54 43505
10 193 45195
292 1 86091
125 336 62151
354 140 30214
309 21 94240
219 317 16936
251 213 2212
207 116 65887
202 38 56554
145 109 94967
220 63 48111
293 266 62832
255 156 96160
34 254 9031
315 47 32165
303 352 74911
348 311 97625
146 275 594
205 162 99394
147 281 54188
98 333 66895
131 210 84914
23 225 66010
346 15 42977
83 303 68515
179 6 21962
59 281 89657
297 273 87696
41 254 89286
234 187 15463
165 173 70616
274 251 39810
305 95 90419
93 266 46052
284 344 72364
151 34 3147
206 294 71350
347 231 52511
302 271 96277
647565547 737731103
446373893 751612598
37693813 669484456
118439632 539637423
574993068 757104549
980750974 996418571
399947484 782649673
777884625 921057645
660742537 705009418
41297901 789980357
494080764 930740973
722140338 828521520
332717400 778463851
790299689 892394797
824514654 872913311
15909666 646930630
54545177 69573191
507829098 847673738
680867436 849769855
78908173 487762665
768697452 984406812
685521590 996403265
569121519 730904111
558657134 812651388
736814993 760838896
567561254 821552655
717089525 968980812
428866312 551937521
699379143 714149706
357030008 637908738
214419642 975044143
307995227 626641357
994055113 999244954
939439504 984218248
357027912 986835562
968043120 996252021
902188543 913871494
386905505 710174121
922830248 963586306
406181595 985554972
548111045 968891008
373346453 697797041
471834314 749193655
853133687 879233248
673769068 923503692
56628691 375364428
951988282 986657827
568672797 621232820
430565269 895640413
100533041 210639164
516564775 761594163
607234381 916242708
314700660 535197472
840903261 886612258
618213812 864620950
841795714 945903517
998038134 999852450
556399724 795776464
137239647 633853369
904823180 976613525
834217448 874177931
232009896 409208155
503918112 789705575
814485241 870341782
618361134 950148803
2315178 494568110
856262680 890970896
929195893 929241217
377253722 450938054
793830375 870581234
447256199 988474168
646542752 779103834
196678940 312660964
792219251 994872503
32442808 768785703
671372871 808902256
581084043 883647932
51966068 435098912
189987776 336574670
596475655 863080216
796027554 880433311
439414835 567697093
156250461 549652173
2002650 149657750
613619114 711991237
553419413 892298637
730041040 791474343
555677141 640325978
244007734 805493404
475492257 522537641
184119703 942811433
226720744 812243559
344223152 555582092
914210896 962599395
520873935 896010448
16182663 542276562
494508904 562107418
176070798 936651538
599711667 838891525
836205051 939063778
730144287 913524155
431956685 840403270
391423722 652328515
36924975 596278439
743694501 998995502
62101236 557524571
363666250 726700677
283473246 572287013
201556981 260215115
89730025 237789204
451592388 464421334
198143550 638202627
657744846 901367317
802513052 988390717
419888549 853835683
904784385 941960488
812690139 821884956
606441782 629941451
708513003 943002510
792367890 994690974
678240765 940845142
861707188 923830361
631675680 764178034
763229326 807947385
437452571 770341419
460106922 603963446
735068369 883799479
890619822 968240654
95224282 573513982
266583136 776667920
115381462 252405770
246314057 416564508
905117695 910803159
491093592 522468125
610549006 661814201
387218462 685359496
945141124 960884090
277246738 631989922
49236127 363627746
402057758 411969135
543168454 676317057
856535384 936625836
84196842 921899972
913224682 958095735
718063671 850090715
374158148 479140459
280388428 611722292
920362891 984483421
611414949 686080929
322946394 819217413
333900078 957584188
52325914 507710343
435927786 886009523
596394488 963826756
958448069 970946398
523633864 846673578
366309515 535539099
174286733 934401132
401627372 476911239
581171480 915278903
865250528 970493551
112875895 967901260
678843005 970172559
839838545 973632839
680644284 686371897
749169228 847704969
858298163 894283436
944311578 965471946
78533688 839330646
667173410 870769642
150407724 818725542
232720091 704022439
53375220 262450602
43927087 989993683
51876848 472483377
182799948 245563208
625857792 946199538
80603666 457170045
323138740 489605528
348736614 629233053
584875150 775890896
765327136 994759726
469510149 607389756
491353362 563349462
457159415 470897466
28668606 73234925
901065831 947984215
335381143 585324204
520294029 976435579
532635008 746780150
441313464 465920130
161870698 195961040
732698693 922965525
544698319 572223757
186689273 327226617
806504320 930259673
852964469 858486051
241320065 447183490
96947641 933509848
877123955 998617648
551994096 681187920
283413577 452414816
292853069 331374709
600797359 736700928
708861894 787273021
179191948 624365194
476961063 515805576
615076311 874886259
62701940 611857684
677550216 766638037
962940708 984014189
346836718 794821443
259325055 822442092
113641175 978545021
399298230 934778576
727703621 903900510
124122351 933751333
840755444 974706786
727120257 838159212
769398631 811100330
494449162 711244770
715533670 856167999
151967031 392317797
309404491 418251277
7215954 464856615
8211822 976410615
744362323 967542203
619172211 832020198
788491244 885136417
331951565 431571251
645180315 760968206
770632479 819553209
109275544 886537179
755086399 894374933
728200744 775941991
829908790 899311182
902892197 907109988
102343708 367852239
773362590 991625476
47799498 234643898
856364099 933059383
24363840 270093251
840988341 943024726
279707604 978118150
466162895 882334609
669145851 799387581
481829130 616675591
43610340 359752271
992124762 992921828
34811772 913504997
249388798 824806425
410888528 496559438
115886837 631692516
784402489 833812154
197601170 873969957
777135963 914796955
411697422 907216398
210335942 375974580
539039618 699721769
232250938 657379689
361609494 739685512
272293054 605849603
784768217 797161448
47921220 456341880
813700589 929384926
549176107 660623254
964206910 983843806
461806102 706641068
27181198 453084026
695105703 825184319
81111921 376300017
136979764 486307634
20309504 749742177
216427963 783428678
279182522 567187104
669301159 863234132
412415553 649255129
478462255 888528941
245445690 468476072
534235311 804839963
36937921 888647786
776151731 800939809
762005860 766177820
865267348 880384925
67177428 605957645
578110708 893163072
302473178 434824069
180310609 657763840
273335236 534685103
414801015 658421126
340867373 435253206
382339710 981086450
118864671 786080034
926293759 970527334
168826132 174053540
911309764 989529905
216243237 390612328
240156354 378971508
677481486 842724554
43970960 45913176
242494361 959136614
100030560 193041075
975630467 981274798
261237839 548981467
251867079 543658201
470220819 857700715
392500651 478473493
510247369 991312573
13869114 180332530
588529319 879380726
770628218 810231599
793640452 979327741
819311700 918796297
350217707 942244697
638106795 815451025
18344009 246133964
710659173 836232911
637018608 788576979
661723059 894314112
887924323 898224988
530616662 560678716
865297528 939328587
853182391 894896938
317449862 340237959
20624706 853442841
279573176 387893962
595796453 931058224
743579730 909115352
902478804 948778373
673686781 832421678
781614720 802560162
175676798 367043969
142371349 694572907
51403060 988885120
510271819 637619048
373503297 434189000
24060641 184085602
199801229 414342199
161406623 189258416
622185516 721364419
204628570 471052288
197488716 752297914
986302218 997328499
977069304 987567692
157560405 443632205
135236446 556947758
122409967 780774324
396880098 402862513
446566520 633383573
455705277 793849796
366801447 974412096
139670194 220273641
217267715 760804378
282309606 443699267
514658442 573144456
423026265 905608757
152627496 826014753
534435139 974610278
34145385 692142678
647598576 979393493
723152367 958798900
111033656 556609747
799030616 985860170
448995484 627951562
60284274 538999578
883559946 993762114
660090012 843575059
355612444 996061932
526399076 529930557
913850481 924223394
267855559 850001327
940576773 943006765
922127266 933602778
763735964 828336756
153010394 266246928
646105609 754035972
564917294 843492361
257769374 367607375
366963237 871053865
472593786 877850175
718622562 885216041
429862938 447004804
582231292 620668177
182385764 655907907
879990355 926562440
775576600 908441788
240901801 775792269
249588334 701482829
245932416 496574126
161254082 429432608
593750825 602922868
205151264 828966149
475072365 646250977
166713843 846511946
620516125 799596317
68530522 461127825
881724104 982641397
367645836 501270970
107536672 649778323
535373297 832436579
966249382 972044394
560668124 861833964
663860054 774089079
793014924 927382310
34885712 483573136
879112969 923012629
57163186 235352170
110961398 348558146
105661884 710801294
253592687 710192892
634119494 634624297
512100522 946230793
471055221 992292706
241435256 578396186
825367396 882783071
715230566 834078118
341776942 545099939
599699973 773692417
107817459 871072343
305196323 498372737
979072752 996070272
22077611 702158295
540674887 745572277
191249759 418170022
912771247 936860584
562837740 850061233
425081632 743367510
921793417 944892960
135104729 148386503
133962002 641390189
293236293 713145684
171755880 824342085
362720022 557704551
408721399 611447572
377777611 586133358
639488531 913770835
562158749 681108707
538049352 995454902
287424316 440070224
861696824 891861484
267712176 927046935
923747232 931084179
563479945 566010962
720201270 755004015
90154996 133364396
587306154 852488605
365495745 383322049
858407034 890552912
321187193 692903999
8001884 62320949
795123484 892367767
92741814 189951865
444277013 529753874
146421095 308119359
888735710 972501700
331994192 680850384
822832828 966117308
121615362 840758392
377884191 779337177
799415113 847884287
644611847 931717752
549227004 824750241
391428302 540369684
502570383 857540959
657127241 883665264
503387069 893519796
771519804 953868380
712992067 919600909
334824017 534150977
833516896 915045464
93479066 167353257
125763303 319807514
695383265 881579010
919613174 935114501
126980703 127159417
406450065 764072300
391151461 565324430
443515693 835476968
809634331 903335073
412676970 942356812
596292997 606407831
799897045 915864031
433335850 724246893
100715761 825620563
321139545 728577860
279543468 372568630
270137743 505254337
722891891 843111918
851896961 985687042
563444999 647738271
301259006 758257650
377511712 761122318
488236960 826916509
116523644 443114477
342258788 941224546
74848846 374928743
484526517 611624588
256019915 630055747
609436641 903143239
929543944 960409604
213001000 873514898
408821693 735404940
141578691 436458720
522709547 906541606
502751215 848992672
514412607 906722984
142565982 162621768
832861379 892935872
323052852 791919532
350454979 489687522
826367490 954663017
132674337 269815012
360541830 682716955
931041518 977358737
381266830 464742007
986111564 990671824
380002424 801358932
943239787 985869773
782594056 835688965
187053015 499197336
994548036 999346501
338456125 835469050
526108559 532890196
771851006 779288905
997142172 999013964
338762698 965181599
17304614 174165163
342730478 973964195
7430556 868378607
749443852 832294774
447836353 624768594
760933282 950815067
550620242 705036613
535232180 891255878
956298695 985150834
949720604 979926904
393153810 566355208
888000851 960713430
190853709 636237370
29367946 997248822
979168098 984076989
524548530 901836420
942601968 962930257
18110540 859431546
296090771 978995798
588966755 734000725
951005881 980851248
474494939 475517095
195601798 508704963
270772949 588587540
941703074 995259537
902475596 935273825
589789853 920106955
132009277 955361802
959394583 997767744
466726710 866250338
518832380 877715596
885698594 964761995
958736523 991544270
90760628 638545759
462619383 473153926
413645133 924006285
213971563 236367255
349755548 678801754
277294779 826105966
420298454 611811075
651140334 757956883
245734190 392796012
380117292 556847444
354057213 780682546
533690617 835996517
193497167 556907933
731457405 931392957
802984961 836796664
871242589 943251254
611841279 872324049
246307856 792359374
184165012 635566127
254271236 359670315
594527359 623636976
804643448 871904531
993503608 996245134
123194969 340348031
242887097 454106132
713992518 714432944
139388477 316241899
234717908 274365188
600825797 812355936
511392028 891964344
860802833 911391013
693550258 835831203
286771056 982088286
419085914 646531866
531619163 770166297
315584982 889358232
630078219 662129780
529964826 884751492
853066956 996771959
968443089 990367480
410455565 658146632
942514855 960659875
577423683 614062950
282744762 455996252
942647927 952830822
995820575 996125251
969682371 973745203
478397659 619558362
578433377 765606843
167804751 871998698
638150497 652050605
539098765 932210526
37941621 256145718
819733051 878268819
203632097 817205536
864113553 873268289
109773853 940920872
688666412 706141998
202064525 913817699
762125878 881890360
766428263 985479877
648916274 848765113
672766476 744937788
785769759 836306609
108875642 611471323
79006012 910815629
391014152 558086488
871759843 948516978
617758650 763695731
334238852 871433809
528765288 537399976
80360062 184961877
829776268 858897974
775301531 885724491
380213236 968565072
370192663 989786125
705463775 866406787
801905948 927438453
936004055 950710489
420165220 469183290
849149090 859794788
997834862 998064400
429233913 620181237
209874492 522595209
430221706 960603636
426662241 998451387
260487265 394600088
348697549 861536489
608213116 888710560
605722301 850713186
569320579 738391905
95042110 297817027
174521326 917438991
366073079 928129413
441037488 776078601
21885328 120197136
39654746 803768731
100624579 876188992
70498524 334164540
963909481 971819163
466795259 982517497
448012301 492860768
197700314 910411355
977375043 990790103
416155322 661438386
548826072 693271723
390100256 480691854
376720629 699266282
359189446 890362871
691707259 964163018
183506055 280573272
445342130 538729390
882861162 916816597
468948061 807875288
209581472 476912427
264373780 804984169
296573628 332777995
970449071 977047504
816882695 899464617
475968385 729802551
356371172 682385412
172694048 630498299
1826881 450388369
571876901 959892315
865759011 997622880
454130993 879310430
882785409 978722152
842354774 994061408
576803415 594112528
608748462 814595001
893093546 952185712
818789738 914039849
831830606 879265184
816235888 879626682
551070969 939514055
172551834 236538590
898896256 984844584
221713367 947339083
