672 765
591 354 745576278
463 354 798954241
622 354 177875015
539 463 123699178
549 463 250298521
434 622 985531361
304 622 217051865
142 539 740734965
199 354 237774455
530 434 120266063
121 622 840959014
640 434 898368630
37 640 441607431
100 640 728546764
283 434 376226501
137 142 764493720
197 463 990896047
569 137 523472773
493 463 299613490
77 137 649397284
266 463 44698209
499 569 459783499
565 137 765322797
101 266 609458745
226 622 455712432
440 549 848131807
613 565 466839446
592 199 214595401
67 283 455181314
25 440 940586216
30 137 487962926
428 539 328674699
165 199 896507573
422 137 158548330
7 592 557262879
571 622 681441871
242 549 335539567
186 549 563180682
194 25 98943280
188 565 313131702
244 188 612648471
16 137 674593182
225 77 70781088
196 569 767129482
593 266 565684531
524 565 292789148
438 524 89004848
409 30 125342150
414 142 643137141
179 101 548035948
151 67 440691309
392 197 303946735
87 592 13816953
364 530 349307838
451 499 550088796
78 440 530495093
348 640 458076152
294 266 785220528
321 37 226746372
198 409 16163156
520 188 590921799
108 354 513581993
174 25 129192484
615 571 132696535
534 463 265159209
551 188 916246400
576 613 992962421
623 576 279033167
651 196 14672287
14 520 433895389
619 151 83367703
291 242 51020542
398 67 585373339
220 266 160240846
255 188 921976413
380 354 2021772
502 165 634300060
495 569 386684974
529 463 228496635
669 576 870569402
430 244 603250456
230 529 618337394
313 593 806410267
596 294 901942357
146 196 614477768
213 151 188496913
557 255 520343620
45 87 727389957
19 651 347767960
160 294 800958460
340 7 684487552
202 354 369468137
96 188 373376905
216 422 122826201
247 194 82463504
361 30 797034144
527 242 762327203
173 247 560024714
583 380 232486328
272 354 504470173
2 160 40857969
125 255 898940061
31 361 659771572
556 16 529353922
507 179 561752161
349 434 316827483
647 7 803722451
588 186 108474123
34 527 289846212
625 100 460748929
418 340 296759286
290 539 536004536
301 438 224227277
8 502 210660954
73 101 111111291
282 463 763395186
672 392 860785244
71 591 348581012
322 125 752454718
514 151 980324498
288 301 411572028
646 283 90103923
614 380 778546150
315 451 261685158
519 672 227938877
660 524 500730617
581 551 116234820
145 37 524392416
181 646 182995784
370 313 568174663
126 527 477584238
185 146 286316813
589 19 854822259
60 213 266392332
130 534 481004907
649 672 524499104
378 14 870134419
344 354 537755234
120 640 879966109
15 622 310714154
320 14 251224341
521 220 625353750
515 304 985015288
171 576 827730914
510 78 440799566
80 171 740529417
94 320 885406976
513 392 158056513
572 320 868189961
360 294 689862909
195 120 911140443
671 581 3770362
603 565 52751448
306 247 421754944
176 529 905037000
214 121 495124882
376 188 491923506
397 199 854322595
453 557 467875010
131 596 945093621
537 77 797580796
127 615 771258936
182 527 773325940
129 514 832520764
110 615 657693792
300 556 633863930
4 380 520378537
544 354 329540540
441 614 300447291
143 463 808916684
256 15 397535750
211 171 746661211
631 247 460331351
212 592 271648452
59 129 339566964
49 272 735335030
26 196 326210571
341 4 718833326
528 341 166900744
287 631 808751753
403 519 690438781
439 603 769158597
346 197 869609507
311 182 848686616
273 77 774423392
118 544 832423415
154 428 732511891
169 100 215423783
396 127 157411976
481 127 612032533
425 360 146903923
650 529 362670755
305 625 951263305
662 142 791632248
546 242 15419210
561 556 431444672
559 649 729990907
371 565 453549441
105 4 864231674
452 283 717033504
637 125 770953255
124 216 955724996
9 320 155158271
406 615 135799151
276 565 687835929
500 403 94649673
222 671 132692909
233 534 496434234
309 500 516898390
243 211 703221071
357 392 506755360
504 591 399392417
665 214 907171392
448 9 555488488
28 637 292084120
289 121 333378345
612 87 363057408
231 348 188015454
639 581 738944829
362 549 974590617
18 49 920311491
175 504 518989715
552 25 288028191
404 121 533058845
204 422 14603245
412 495 826833777
152 651 287656290
424 195 537835716
417 120 855311398
468 220 152082944
632 344 601562861
597 591 183502472
155 291 741000932
333 78 547802075
636 396 505449742
582 544 115022064
39 198 412265286
550 160 843096763
10 30 154783456
667 561 470928642
506 247 430701350
633 341 780926234
454 650 97673688
260 521 488727152
564 515 349097133
296 565 529366385
328 288 580969226
501 454 372566
116 671 206341327
531 370 31890822
259 18 295581418
351 534 867228820
21 315 293103846
237 671 49674335
312 165 672347534
496 287 828720109
104 360 177661324
443 514 766068828
658 306 319041515
659 300 729518515
365 220 896960218
286 592 584758617
334 151 190039755
558 468 373040804
374 31 301148392
191 403 923705495
532 15 977997009
491 222 260358521
477 131 509391778
444 25 509718639
560 556 188455757
177 320 298905684
535 451 251975769
356 396 375578337
472 550 15149745
239 171 954881460
648 514 936698423
431 613 575171784
11 582 390312673
267 137 729895003
235 39 521745138
427 631 565374876
88 397 869304590
327 412 851720388
12 18 172120396
471 12 660590500
379 195 90939279
93 182 74489872
331 260 731062810
246 551 405003716
107 360 744683095
383 71 490014603
437 569 957236688
54 30 771300038
61 360 920275996
525 646 841959313
114 659 445060284
232 531 5643463
200 130 47175261
627 672 642911105
140 10 32038512
50 283 130074920
299 591 897163173
128 179 911050760
410 331 257840302
22 406 580451901
629 636 357796934
90 504 160662327
522 571 250218939
83 520 835956623
489 243 931864082
342 351 707120587
367 524 322957520
345 45 954233972
74 237 796946702
394 59 772608432
277 499 658270102
458 527 926440137
281 520 551934274
598 18 212444406
413 59 555462447
319 514 220275818
91 614 895246564
616 296 655724644
316 73 743745936
644 376 13258489
3 8 854333671
618 243 272362372
498 565 455553554
555 410 734912699
369 392 57519119
449 171 656788804
149 60 292933967
533 346 962690891
641 300 159342921
168 174 993867445
587 640 634201588
389 333 859432298
599 200 139900800
284 291 197280880
268 441 16738586
70 636 399527755
229 142 921083287
573 277 970073450
608 396 519604111
132 316 413738401
217 531 358728393
536 11 778952398
57 31 751203043
52 169 809233593
490 379 747899473
210 54 561682661
153 472 442873094
635 127 48200312
664 345 100508386
642 60 347179320
5 9 182258753
523 259 91154253
1 185 428001775
307 220 715178571
600 288 736193084
567 440 54978170
135 199 320580005
590 589 15479147
303 539 494346319
17 315 10771264
223 137 521494090
330 196 726456041
280 556 496342685
541 394 244450214
482 246 646524491
363 501 585616208
144 428 151841987
518 199 287362149
505 378 523799178
68 9 688668021
545 305 557160894
92 294 495427711
455 71 163999653
626 662 117462547
6 583 491902416
476 54 951991559
240 19 912940099
486 397 617714025
377 70 443141005
257 468 199765882
141 34 883437718
183 504 251721732
250 665 958787533
84 204 997288087
445 623 995465960
426 154 525796697
538 637 838603397
516 534 253678648
470 644 602855352
33 247 366178715
261 288 833074439
464 664 482914162
221 199 665190326
158 61 480670967
36 357 6214374
634 470 950955410
436 345 124956977
478 266 737690789
58 573 117723741
343 145 681510647
585 259 594806062
584 445 901171976
666 126 747139794
511 287 828474457
102 627 463221930
133 501 967785795
72 666 95349545
617 636 642019830
48 231 791061860
44 294 613435944
657 266 49416366
207 410 73452343
446 330 157750730
81 101 828182105
395 124 301663759
503 152 285671289
663 569 284126991
475 333 985705189
339 70 139780725
274 146 237617672
352 49 126990810
645 413 747770496
234 351 693112705
285 377 120674272
609 14 322316846
236 503 530402259
429 371 480092738
253 121 160067018
423 556 515034381
79 130 904926586
652 370 975180855
408 58 659385111
56 137 380736606
621 499 494296560
95 429 151523930
547 514 732742206
65 546 919331558
295 582 732252479
393 634 788559520
55 555 415866638
318 521 563734004
251 125 19322365
607 11 56023241
219 130 790340134
543 424 58307712
139 557 105485544
32 65 789082429
206 637 868696330
164 60 786493842
136 417 857476445
601 44 53073713
355 102 231735322
189 547 135331445
577 635 158192949
450 135 851471958
359 555 80077043
578 371 649273534
540 374 905356859
457 141 789247985
574 603 502948033
433 71 110433146
347 428 99793750
630 533 111414534
76 288 683998656
215 608 607306739
611 340 447021980
159 177 885918851
484 588 169175340
51 578 68116206
227 647 379032886
579 671 172448432
180 276 205769533
388 396 966843123
43 439 248293246
542 529 523004293
670 127 116862185
112 229 207477612
106 274 449214856
38 644 335823491
442 173 145905353
553 669 82026447
566 529 474329936
119 67 680756888
432 242 418088654
325 133 988028966
654 164 342944642
190 141 612345465
123 361 412486463
271 231 689422776
483 88 721541012
402 92 314496298
575 118 127846071
467 489 760759110
399 648 626958361
85 139 982755798
167 319 153409504
47 571 49891441
205 663 367833683
66 521 233403522
656 496 714266304
653 33 591486489
23 300 864433385
526 72 214918957
465 202 75538149
224 112 381305317
554 83 250208871
390 227 159304928
492 576 392224047
375 524 761861659
419 95 342935913
421 128 977234122
62 100 55148405
643 553 183490933
386 56 183405602
366 129 659826052
655 8 303292371
447 10 518896698
162 312 164526006
249 612 401787298
203 486 888569499
245 249 569457732
170 617 558888594
147 443 130000052
668 504 237877250
161 351 578953011
82 374 910337477
624 643 707583676
606 283 816859606
115 203 998066385
89 311 414862166
265 266 938829168
661 15 903341509
391 490 186604245
610 243 684555198
27 542 10655661
270 182 669534449
435 246 670048115
187 213 111681238
103 235 757552441
63 492 438406531
353 33 919105899
269 636 76780596
148 32 475666893
382 52 430576774
317 23 60998590
209 224 63931830
172 364 319988890
512 277 207199991
35 274 847040626
86 14 490135383
264 612 646317692
113 621 663760619
358 165 703426596
279 429 194412508
29 516 710380531
372 152 88569382
337 364 547242315
620 128 938250423
373 206 767421369
184 667 89708414
595 282 135585174
40 581 610758874
332 534 887361564
474 253 849700805
335 626 398710300
508 339 179995404
24 399 308356617
310 482 694077321
208 436 777465069
218 286 784599404
469 296 471265747
323 491 759440912
293 257 82751787
13 631 55622889
117 376 826572583
509 306 689000580
605 227 168802163
336 271 323537809
138 530 324333795
64 47 914332532
638 363 997406132
99 199 111750702
407 377 56183199
628 475 219445228
416 148 925374097
479 546 7899566
263 22 591976083
586 63 205155904
602 475 33733022
241 171 709138779
42 492 809697615
46 452 313254357
156 211 920835844
497 251 44663103
487 516 491392261
122 196 13513440
420 164 850330861
604 352 326654583
548 514 977710615
98 584 258166182
401 554 610232005
193 311 416922698
385 57 984389586
415 253 386474360
258 70 447823462
381 209 135598156
308 639 871833561
400 190 362387332
494 294 838333733
292 458 827074236
248 352 772045075
254 430 71367808
480 417 441886825
75 172 237095942
329 616 502854823
298 128 234756852
150 258 224935445
297 237 84126426
568 631 298692936
134 70 909472136
109 230 732671260
466 60 905111611
411 557 349537170
384 357 600037146
178 636 777807233
20 540 548295278
41 117 670555624
461 5 804414
302 362 382849896
594 106 276576537
228 25 180078769
275 442 952144190
350 251 343432260
324 670 719984857
111 630 392262470
238 202 352959018
460 390 693503341
262 207 92416766
456 449 66481004
201 83 930083907
338 482 576444117
387 188 671510979
405 5 863858357
192 270 57198985
517 246 270098679
157 515 537553327
580 523 161812270
69 142 624846548
473 634 946694305
562 503 611076791
252 304 720962984
97 301 391164262
314 405 221710801
163 188 815904299
488 327 201596251
368 254 66427355
166 261 269220774
53 173 888481534
278 614 729438758
462 132 954149813
570 190 131530312
485 564 199682905
563 477 171536895
459 67 62517259
326 365 786471111
959330110 991052916
849847171 897162217
72920000 701875516
265099849 393198715
913632526 953308992
51632300 330938210
761507238 811521672
731589100 975920749
476753795 504047444
617214126 701261952
279746310 787118618
993830693 998076799
804740587 883608484
714669183 757054596
569871967 773237578
470374679 507912243
791096217 803047502
417057787 639584640
171827343 978825271
948108728 968010540
393639498 534031455
456483231 907859184
250778394 295882945
735170469 806635797
119947202 449657320
678756199 896847776
155641429 673787510
299258239 913740141
468687551 627973499
821430612 832503311
596096824 869848707
193354775 952535497
810565392 826465112
684751053 855012562
20644036 498005076
70436308 464093048
98909870 791673792
267905360 572795461
297125655 828826216
727447421 746264985
698285070 825869387
936306282 965541295
875437292 984682069
846700076 877381918
632333572 855743569
114495960 616039810
738464373 876780184
324615236 504250817
841163712 924917885
393726939 400511316
144317379 693313137
649944960 867725256
947905104 967871334
188826209 441736144
623229190 726477853
414322384 894301646
717766542 761340220
921180265 956207285
149468881 472968252
453151032 925186892
876499480 932007196
450339043 603059128
595726358 630350856
192630615 609946307
152976032 366879923
689773268 916252446
15348133 273135433
576589924 675207983
683511459 707444383
967095361 969824139
972149647 985090177
717794770 916653173
229164382 280897228
490963787 894807457
61870645 448395974
954046673 959619851
213419617 930878360
760092288 895779155
563122604 718819088
621561630 655772920
640338596 854513300
237333274 385069845
643191185 988209465
665658178 697799005
641306516 712624127
173045475 578526962
836011975 941365421
902830925 903281853
506254110 892633259
406604177 616588700
291539384 547831784
57803840 97301646
50806641 747109870
352174526 888955437
240386198 605929150
715959248 759653013
182129060 289665866
976085663 980648128
509911642 749406085
54885653 760886207
183217323 788564701
286877045 382582953
940574208 961135209
953771531 993702593
438027306 599177946
671909913 729998221
692821163 866214878
496539849 681415936
815629784 889975922
721897752 851431377
67592264 132984051
971001779 980421677
273652797 912067854
331850518 674487344
944147069 987407042
421646890 834172013
697513061 986244946
605990812 902494017
888535866 951779181
255555156 390564425
507859514 789129575
491234029 943535808
266232049 346529961
420606792 488971876
296782835 557999486
991805901 997510857
938669386 989405495
542803377 629091770
200625934 737703324
171333201 823404124
120370802 588597941
505702639 812484785
924538835 965710616
673993825 681743111
731801924 810086266
422158941 688744463
286560610 560020417
851431202 914537842
397524657 712532590
979702583 981172683
566338175 599338505
497602208 904584707
916383316 994872243
24756292 708402774
991580971 999160708
555275881 924620515
472884708 542068769
142311941 199570187
251818451 514919403
173521081 455479413
675551289 692462947
253151452 452827577
553565590 904075729
523474804 561309147
771729711 821205520
881045209 901283259
918933913 936157366
755425912 865746815
244369602 567358354
847536992 852720759
528311962 641330220
49054661 635799558
584963954 961608275
486234392 654703256
688040668 919778200
485334799 990045940
192593736 754633247
116576781 297259003
754109530 766748328
474086486 624951005
857805737 982265268
325182395 522335891
843892167 871814360
266994964 938582836
21461431 800680282
133772000 249492193
201065131 632101250
76771223 532108873
581076212 676499783
388952769 815005239
656644401 738227935
843691989 988122850
881041576 931008831
601369754 810871979
742405943 928835868
281832854 590654501
227173102 478778823
293032673 785094531
289493297 567381251
125387792 963233506
533107636 919649631
761326269 918226913
130677759 658296175
634307425 977672057
646765606 784940831
151051073 875287325
956128505 966684453
165360423 359433218
542632381 752745790
341816505 823528825
309799275 778378038
182141611 986339344
588187060 783481303
906817588 956497305
533564765 890483795
386437945 457005508
995477686 996262552
143719814 929538145
515738777 770944014
817558976 822279828
964137799 979294795
996196612 996642959
120264095 958180934
580405656 815381884
227123828 391025290
190233379 521596045
929428512 986451114
396289761 819587590
113884940 164906026
234348598 261780073
408998518 684682089
697557595 865850833
670258418 858433170
992675173 993659451
338544188 905134294
426393910 842402626
303950177 868695468
125195329 395582722
103127838 705999374
507637014 653590432
612043708 797456553
751841827 777760360
292133839 299740118
554125708 596898785
416235584 566289696
104107940 838672326
129393945 546738273
433449828 450663165
3783948 481049858
26811688 868277933
57192365 858717433
821844203 977778320
954983540 976302338
970949406 980335936
8722056 711148700
286398893 491430012
73627691 148660213
21185803 132593449
839098738 850122444
235701751 708378005
786022850 851923897
443309456 545331592
665594308 717662248
266903693 987952195
348183578 364326028
531778535 705856312
78105461 850347014
156715618 593821053
499605588 851156250
222154949 420554418
683645678 865041820
406929939 870360137
842328710 872202251
706408978 959228792
594731303 748077268
157001978 540245039
133687958 851160492
9104357 462311127
392445190 539122552
612179079 614786213
162812195 399555854
796517042 973264481
39145241 672158038
887945793 888471382
846030516 911637539
16762882 923961096
551699039 985057396
16988897 968244419
54331385 343703604
403514556 996495401
199585290 325338032
377088469 473207406
625130667 950920463
473179810 778439426
898921948 924342263
608308971 960488801
539250380 759193523
654003092 657897005
974415180 978357722
979506686 988173812
56331368 139665930
308066646 768594153
252605931 422107979
926651326 970645930
516967677 522023586
755117003 791700186
782278281 855955339
234156460 309474691
754347390 940762005
249126649 284564488
964955813 993805418
736982290 797382982
561845193 996350627
355518942 984489074
237713904 734017337
139225259 293859730
194154081 777757721
487685213 754185672
838728194 954656254
519166889 866500791
74098869 861310811
407548038 534160876
975315835 995459868
931406534 992884269
1157190 580351965
49870878 801213969
575421969 579423727
830143123 837722253
347923102 618522823
256441709 618998796
841556406 898624847
207200557 935537710
304867379 350540122
395368201 751386747
670559439 785483841
367473415 936433685
344590880 920382424
475736711 519731350
482949723 712651730
22512904 327039960
339813936 763854486
504296273 630723333
522173312 778262965
105607582 716876618
901549852 985403432
537243376 906966725
586545678 696766768
590471596 645757844
827799370 828031486
157454985 499866120
353966482 966260611
618486841 681502949
861110418 902158798
807394906 913442085
813193988 929122622
587579694 858043774
2723250 695579197
827550840 838839803
966692399 967340831
271419235 385851120
685052967 938940314
974975906 993311967
13202311 864731912
898055202 992027448
20346523 67849713
999312767 999681872
963754966 992475698
538195939 575811706
592858265 865409234
608406948 705532846
11155698 248209030
970972417 987815961
226331538 248199878
43988125 724138002
130055304 731537544
763562979 794047528
80616091 91985876
420364500 948590630
285609008 885119686
108659346 631679783
573955039 725328733
176389656 885299962
156417797 595301205
781155926 987623428
71791099 837532014
62234861 137015883
935810285 961470343
669505783 714223018
657278298 838508760
253666878 350102279
391338331 752024716
226915132 778605529
583991060 710907845
990278174 996384368
518250660 982798013
796859432 815289044
381058729 951489824
303213147 852041096
105870155 473545790
945189654 966031929
870944739 984645930
18295332 683689323
529675434 853331053
423913214 704476841
355526919 589778484
619982170 804935188
949687674 988412120
802014176 988557781
769249463 887430546
616148252 823424426
139850487 926321439
714372732 989063491
633429063 890276879
496828052 953194248
707822697 831799415
814793213 848310158
626586921 901743887
642622638 730334538
603064256 983527183
375692734 432045285
675123898 832363759
963895640 979779312
946154149 993037477
462937479 766101080
58980424 345462396
929965970 976997037
20591318 291481590
448356333 679697960
626106570 973099963
732201425 978102438
597599845 649950981
573327330 634880852
292561333 324197711
216540713 554852241
357639889 604697566
716314700 908933908
610646568 673761131
211089682 895688466
283829683 782172981
625254657 668598051
635610869 985788366
788930463 971343466
133684985 943392767
515118384 763204243
655389823 787071411
212359267 687313574
815827848 948337768
745117632 959573859
897601448 995851042
300950717 937227184
839613579 987526341
657895848 811795829
718031232 943831523
323386257 834494918
285700446 388101373
821629467 861868770
261046102 311957417
306355291 727931284
459220695 505932852
474765733 909114139
752478410 872533727
112463964 976536612
146165577 455875960
27462622 821879525
432928111 438512191
832214623 916841963
374117067 459219481
912989930 927711511
712288148 985317964
761174729 987774179
555036947 903934065
632853317 838347109
175874184 658218897
952944683 961618503
457155665 644433013
471259109 507393816
728503967 823391410
953905643 990630513
798912026 910171743
473893570 985047558
496474182 811386371
298882093 996172452
62697913 349116342
296957891 368270654
321830853 515480791
455119640 756617140
620381186 695378302
915976730 933805221
746384629 777760489
49825371 52650029
160868917 176511787
126205426 430268973
516774155 923855806
876613165 891758144
771144593 902890803
222413975 307333051
447542444 485775842
749792402 808324346
960340416 969161374
983680894 993494373
541845733 818784618
446892729 457664136
699785889 704308189
711410242 911113032
834145711 919710868
714140406 868076128
437476356 719214476
564300651 906499761
687106391 797862504
62480708 100772766
685468217 869212148
302030883 869193704
803162772 898964570
184430484 965152968
907424437 944971845
817020596 994853859
404365535 518464390
184951275 483302178
918242231 947743279
366893586 661827937
111831049 449548654
545575692 807384619
43292964 310912903
172654273 263619715
142170228 988045024
535754116 873933134
352441160 783158538
778114720 890661243
116154440 508688699
328202012 599231035
320724374 420264698
802395831 920941740
944650753 956895867
529048439 916294388
603096255 735140426
855662251 884897556
935454129 949765660
820048848 946080167
278095534 770645592
78349236 617354725
226472928 633744705
665254319 839022055
589362894 825348157
545272673 942058168
78578353 461523474
441167782 457236625
71335654 772908034
998890586 999163385
464621447 844215868
742725407 885599587
901323271 906734330
7426514 156906171
545728638 980845813
205253218 957546712
72807315 948716652
853003622 937592663
4929305 391679612
625111681 999462571
509552649 997804959
18282944 148276701
257972044 724447793
393128646 816812005
410366380 695575868
844715194 873677081
335037850 635886389
475805672 586058424
680877719 946571272
653022271 847091382
439002067 948451031
152112867 506062947
552373715 822665715
137943671 839209546
411640964 844546068
793268219 802250662
548707331 728999171
132266539 531738952
147021616 293472843
175599078 452382164
748581256 759732458
358772993 689588007
197534953 638902258
987006246 993373248
717543536 758198004
65221051 178892740
941964503 986026477
804098989 896293561
318863059 805646027
348548350 949145049
990899578 993593448
143055082 753903721
55005498 737562179
540874184 711643555
491275872 892304817
806528660 983466731
825013757 925588601
75139111 282356920
276933213 876923607
401689320 457942675
618783493 638883824
41105652 264844946
765453579 802657489
206373017 444528842
984620249 992389048
264933326 936274031
443785733 905200821
240867272 589431987
693743598 804822703
405125696 840035002
256812353 794241496
906153643 940040107
754781566 873941308
643350044 745690308
62936029 999553614
290061337 590267962
894006169 943977762
56571549 262722481
656638899 955110646
272272695 744637557
606978867 889114299
449701580 468389143
20806305 419712327
322672111 594439538
22196564 794857080
32135526 409882826
40180141 141913643
960078149 978181110
783050030 972643334
558591362 759763044
305453397 483517231
608353693 786166017
571131928 924989502
897421026 902123640
892205240 946033055
481671576 585559303
673626271 693538178
498490594 920231944
212164781 224605165
519260118 742038969
870508750 941506222
441451230 547526939
874765486 988387160
624948548 784518522
622153530 693256242
656249068 970311954
686602808 868032618
417332767 902170672
33788899 268149473
710436952 954925763
255299974 384085077
237010429 942190059
863264156 933125458
267907357 652676089
209401763 857806309
127780648 633179340
468442906 796921925
589774339 764253346
313000699 948313891
345028281 749875935
138271352 880191172
814509126 829667875
588465590 881729472
702462943 900604053
238461793 979965257
986905482 996184898
923134424 925001299
845188665 940210786
27360044 31024456
208871940 483389794
984296359 988906531
868715043 880819923
908556979 912779978
434403197 544724099
275280272 987315867
956379497 967270240
400457734 522989681
320909833 536275470
123660089 442137172
189977200 888960264
894381130 962378532
512784454 550169932
280400953 782251767
298634097 498343983
418674703 734593279
618297077 857907766
622780725 850423296
283612702 984755176
828425815 934729142
362512050 520451955
803694990 864007198
159569057 505037096
449666700 921798552
27125804 997984312
397392170 412444412
18894006 870970595
527703335 656077621
141459058 812511476
607138389 949263391
492346434 536124806
52958606 608701806
620219361 664619964
507483260 902670534
246104500 349632359
720416841 866158221
287360675 997069847
982678903 996843860
512223821 903572611
842408965 981929769
52761045 839264971
693353054 738749667
533255603 637154619
313835811 930384373
239112992 345563879
238306398 491460982
481657511 680249946
463935029 952493229
965781144 970690794
692578556 896402829
57293561 275164113
59149066 369255313
678692109 825731979
51499944 639080002
983195780 986149599
92235274 731672107
61055899 713079593
782070278 874420049
506395333 614156139
201805190 488646535
376547719 446725046
637401686 928224760
61806283 77501484
854984872 904123864
17949557 491069126
201347329 757644889
562120531 981874946
160250592 523172590
452125033 955605316
445674595 637491193
807395720 923057984
609189834 734328472
237997323 563156806
144297103 446825719
267624516 429759334
675373510 844835207
572984953 906650353
129256650 535706234
208390158 720527604
982032867 989713544
90926582 977405291
151629160 362703751
388189769 523526105
371037318 579246680
354181274 973072151
790934829 992568919
901376183 944813126
612541121 941978027
586343622 730869347
280577272 539754818
606425056 753453411
441643167 967324364
600757770 776722522
112170261 953313135
119651662 171130513
234672437 819541860
290212172 453650548
598334301 643754799
522764064 706214902
596713589 778851651
392376550 545811055
435096581 638078231
181246409 428401492
533668068 712386146
454145676 599577781
547236049 609172929
288305435 729069602
655434368 748697346
