65 960
18 1 378031684
18 2 831292813
3 18 244989384
18 4 186907433
5 18 889654083
6 18 411488283
7 18 199173982
18 8 74256807
18 9 784328340
10 18 140401208
11 18 153248779
12 18 178707667
13 18 510955808
14 18 352086515
15 18 265354220
18 16 211879269
18 17 175325065
19 18 686231305
18 20 716714656
18 21 253329641
18 22 284196077
23 18 719722979
24 18 952248226
25 18 346078878
18 26 166520305
18 27 940144330
28 18 642472521
29 18 996144398
18 30 248166038
31 18 17211122
32 18 654942112
18 33 972879460
18 34 138351492
35 18 682570930
36 18 180231580
18 37 101698428
18 38 922421324
39 18 818097693
18 40 735340736
18 41 290027313
42 18 516113019
43 18 5970494
18 44 846515725
45 18 11166404
18 46 680755396
18 47 83261047
18 48 347309485
49 18 42229465
18 50 696984519
18 51 774856020
52 18 122458828
53 18 623130396
18 54 784060221
55 18 722478000
56 18 320218881
18 57 160474613
18 58 749877943
59 18 283512611
18 60 177567594
18 61 202283253
62 18 248563785
18 63 42545125
64 18 965460322
18 65 830163368
774503208 821488693
429081038 726895749
710046320 735905836
391074425 994565553
13573039 438345820
829452704 841780975
430716170 644358417
678722192 752744786
434716496 714560977
823879677 989445065
597669088 662361664
135370274 864525930
645977022 952949936
253960180 318003155
455717169 469723033
544220268 635479242
173729545 968343406
137234960 859872660
125557988 828066553
450534266 656582514
951658385 953960661
115309599 477628747
174815801 879653960
121309020 599376008
843435889 966084641
669395592 865551177
786080258 847022954
907597845 979544662
353116421 629784206
867672338 989686096
216041871 309550981
896004314 942592937
410994085 805568307
52222758 414620908
360036302 734647680
756651998 996311312
143268437 678158660
334942696 792136525
834436593 874559497
189696519 447100824
779581417 931168874
679451648 856005678
825940617 880282375
392674557 965523083
935758869 954597792
540105292 730368907
707851959 728822735
803722921 829608627
762329471 943019837
587767394 998788299
373895381 673067783
945194990 989543543
355429983 578007239
511815201 751480484
214044320 887682091
52308007 420101154
527685875 795379442
879478068 920774321
810294496 929037209
621741345 769904298
561067211 976309488
337481023 784311984
571422550 586014351
931300693 960091157
268441148 872401922
438531738 865944526
791103773 939896990
392084186 677090240
877364904 890520321
255362809 882118380
592028038 700736602
612509252 672705275
151981847 984102718
566620741 617083579
625279234 898244457
569880359 877044415
738705187 962154731
321628951 859153647
468109302 736829177
443470027 780654539
270086001 392920333
536922517 976772166
455351712 908900263
21915056 776628766
22801027 993665389
351201329 985822187
186079556 967727244
942872918 992077172
64708672 564988049
317384108 962417310
304222923 545112772
102939259 245293096
331888811 551823539
786770990 994162242
900600145 960165438
327404174 984594222
636350868 896563976
926200802 988506891
984006201 985729405
521212134 899097018
219373112 569624991
520220410 713012355
538644245 909932870
422786119 944537493
333094368 962395794
493374431 582715419
625477202 734101016
12040624 408418836
181773817 742546980
105388389 673789576
187646785 962652017
421413476 563743495
585123821 960096013
228561368 727983837
652967324 725424376
232225379 614821239
445176872 985029759
154099002 891526955
948160175 990989262
618721060 827645824
568313785 597562354
977020722 998912462
957838634 974588740
327178347 395056093
819216443 990007269
249420905 719947309
540914319 829435639
62206833 85320653
459035347 847898473
921661665 989981906
468538896 634916676
465815217 778989618
87725101 982318452
548650732 954341777
52846960 214406893
508297557 619696705
485505186 749846617
671522165 841880579
9705786 206092983
83394032 337386180
709382480 794465051
535766079 917564564
700756443 876165546
23650935 438409281
558517373 669496457
995525462 999519531
668818861 899522894
733715248 947367070
78972114 117304077
446869122 995049219
2370699 982400250
721591019 935727219
431913704 558143723
816951311 914670340
40764662 242722914
648046638 795766848
226902071 827180483
141959261 885418857
8050080 188206782
496151447 646630822
141186885 801145816
275591371 949028833
883010301 958742795
768384014 933471730
584576953 757564557
854362603 970333791
819967624 879806245
627986807 833185428
324934260 965030812
766404164 790694410
324790474 991887811
977023955 991317951
60885392 811287642
248768905 357109948
448121348 714591204
667534441 833285589
919645562 967497271
437760985 496661626
758189428 928478009
610496337 945799846
98695779 123289772
30148923 840344447
499125084 974116177
224618346 881888721
495854265 508105909
307159104 564673725
176076992 514667778
460585717 505872933
402987582 899239651
163732755 230705386
363713428 994171019
375723498 759489490
367636008 829286547
854844211 926704091
653900155 849931461
207772566 800809857
630251206 997208315
634791405 857743249
14122200 40743562
495095265 874666250
720694620 725143943
881118178 930701934
418053370 523672766
900921708 968104286
993855663 995493984
161471305 578282562
173143424 939531983
818835014 857821181
213572487 453566060
741378019 959950428
751268540 961324592
267089137 752654018
57438017 941429750
800954831 870886312
262310791 323744890
892136037 961242308
51699870 826069129
647831673 971111117
892285169 969188873
202334778 428260602
28524349 43696335
336337945 771010794
29879447 690403122
238866842 397381081
528868394 762216845
435328896 561702066
214901832 955280200
995004973 998322086
54696547 314978189
927497157 983604372
155634363 663397760
726050232 734321546
591171948 969083406
617657261 792245340
416523741 926979021
477667506 960754599
397375710 780331193
221014237 905195628
780814604 941312513
554240974 789022582
743910398 832416471
510798068 712062800
785184406 832877329
885457660 931542432
493336042 983587905
536924111 715460755
133260442 900899528
988718927 988758928
216833229 422728456
405939906 748666527
390735978 591445758
936697377 971841382
164166839 204757232
880823115 889495957
566226980 889363915
313222116 885306543
757841234 927393305
190158910 756405571
263536523 265605896
244158592 494135595
577986540 699325015
240381894 578373304
557352600 624937647
502440288 971942083
817602340 888295213
813899442 936876150
406880350 428284992
898828435 992364835
706116228 785886000
147100185 971865878
100495521 672858576
803272876 870400664
696381830 708410700
251580136 270151880
462503606 991423991
415422320 901070356
292086320 700281061
961578743 982556728
403094473 965650043
809496059 984381055
856028534 908919439
977186292 980963525
53541183 298859231
683885748 861526160
121574070 712402240
249001547 901641954
63628308 866408279
218541813 788456792
718233875 798053296
895940578 924330471
806486482 998639957
163844311 848927366
102985666 366495799
800075036 881911910
287721374 496535131
885295839 997456179
218422707 702325911
762057881 887409444
978765616 995710357
59204916 463239195
919482882 982851531
932855409 985715863
19620272 651720266
107546317 278064844
71041976 286842854
12233804 293057321
737569790 988755317
227630670 423196128
140985413 952390361
71237834 129193454
385200642 878778368
522504776 705687066
314855899 498006178
41950739 190594901
338364715 804219997
625731743 964642777
649082918 831578767
512543843 721780905
808228956 992382153
780620657 972224962
924687756 955946991
901059520 993083632
32377414 239595324
319860883 752308121
220579308 891867804
103779042 505551733
540067141 706296035
212663309 586207309
685867013 912289052
508712190 555428603
99685211 491425979
376580579 974227561
653724562 770713295
686876502 723363565
152009674 416305478
267117439 392711678
825476587 897113643
745826708 926663042
514914201 967276882
906448795 972058713
427415264 934858840
128775625 505547920
35071501 185688917
356855071 865850347
781899453 851789034
665531822 846642304
565854258 984013144
121560325 376332345
654734898 859234987
655309105 937303652
196328911 720383390
907040685 937314618
742567543 785898847
681759199 902501764
11379020 610176259
912299861 977654301
116902424 660214389
614577370 937155472
42022661 512695422
226616710 566837933
555861154 955413841
624237346 782426011
85785911 157322519
268745397 329575329
630947864 900359539
397848047 780769346
661036250 764226391
457416449 768029015
441963302 967919350
16144180 597466563
957488667 967520736
655703590 861442128
491317648 766263581
486143894 955450368
852928861 913242900
453238179 905437036
613580777 937883797
425039663 866040785
845696892 938684679
677976976 764609573
265856715 953579227
241315028 729337941
402481684 524540501
86616390 100302311
463983733 914411702
193051311 569032358
711335459 862953016
148445211 750081255
528748947 745396648
444546650 838434121
509762078 585900434
978371017 990560075
446272052 610539303
985033177 998842616
468283861 890213504
773730185 938499183
58934141 472382372
711481714 771601892
460762948 899888890
22254243 679944212
756011465 950273979
704025345 727318247
191324396 685186924
161240503 345440934
469330830 821520170
315812970 755119099
485925937 575607571
108877594 775737935
802041725 973730665
498886755 959002423
428737789 858229203
441533399 997100702
241231721 661936172
180018900 292735526
302869806 346935546
177054276 616088001
306391190 640893383
753955457 808089143
865890919 930231668
459242665 768247179
378953138 893627367
240576736 289646771
442746517 454981963
881974057 993202738
703195361 864917405
785963086 964330777
462331858 850613993
559940121 767562166
532258210 909010037
784652771 920806036
920509851 967059998
626693201 702540509
796070501 977717355
877677972 888038845
709539545 994658458
841740396 919060940
345459002 788709086
673488351 748402837
423840583 448858639
621747252 736416370
996444928 998373321
608861268 854622457
921704933 955514628
195779451 378411700
504153226 814300001
822986127 845719663
709634206 933162500
688382911 988285498
311760115 375595522
400523371 751982126
110303561 471060511
92803162 603131175
726363111 921269607
925937026 959780828
126817210 152087212
2770343 604110223
441841218 614031594
815372877 940255795
633531992 865278707
27067252 139488482
236411777 314802901
669500392 739164740
316624963 515533021
529965637 549293445
280180554 730462918
882433732 893328526
828917559 975774230
894034355 919882443
786139787 830764802
610977723 814027288
178676015 330259332
928829760 974450288
634127026 868892477
790651066 941266672
427888777 890790693
753275714 824254626
403388419 930603457
631136588 743769341
389946932 390417206
49752615 901747212
391466130 624273222
247519040 648417781
702024725 747322853
986779402 994807838
121910029 380019128
509101786 957100307
897909528 997432282
27700150 268976791
553011769 820431127
457979746 711822908
600396591 962612315
188627077 194876041
402029289 666840619
600220964 894324780
441050608 993770371
271878793 958559431
854239705 916300609
798860943 800063858
236583338 757143353
45490692 735058776
522441021 872888497
400408019 490131859
839611952 874961038
574170911 710335033
48986563 673308994
546345162 854609231
140514657 714869119
470966737 845519017
606569606 686640118
695522966 868573855
467859381 747163574
977164448 992237571
128614948 887554166
642760507 801157048
798089925 919884944
74618042 152654978
43491150 321136349
988100042 993174514
923353554 983562346
28061071 627786579
462039957 573925571
587991185 670231437
474525288 623389013
62629064 931483973
689157408 944341844
160127064 190203877
227625806 825584424
705536526 880148406
904814033 954314946
266404628 923774544
627610797 683064330
160581284 484098976
869840216 901210794
615160588 927045862
770257652 900498030
202734154 333713313
23494221 992394747
591164926 936153133
830378397 843340183
76650953 308429658
929095555 982183771
367364470 717491397
617159963 964873601
383905844 402982864
398614035 737553409
132490936 895328707
290985867 375932690
523263100 671104975
400676645 593511864
48494689 909104823
455477832 460536304
479655536 767116381
488203575 743460721
167060900 755956836
895106757 959751866
769420653 817053578
930116121 939426564
404732315 425340961
326083076 480982461
584755926 715557322
893663210 992913140
88477622 499901330
595798055 830614629
363186818 590950426
234944541 849413884
471569229 956346037
818560076 912925994
873850026 952677852
935300476 940022059
766619410 789296535
149695772 943444182
973893532 981164264
389235863 769659552
420316120 551145254
865469676 989350978
955117608 961672158
543800260 606840054
151983629 537300173
105418589 372890889
282608085 741257564
275255355 657518128
689812982 998188420
328874837 396258328
915238222 922624541
195646551 496122657
784792521 953588236
621537799 883501507
196100040 629202203
135774051 679791254
26847789 31984123
6353487 833551621
318906470 330009809
843198676 864560126
992864776 996702093
166905164 960246694
78989731 212870106
980411561 994688730
257648142 440615761
308834645 476697374
621992645 908021625
377261129 618358670
486437153 509436442
513841463 627337627
185971531 196708610
198928706 992094013
910773422 949699216
697526779 937637782
32406130 666983431
548875387 689301243
115621152 192677830
168942236 304676830
580210675 885451707
232256776 334158517
875431222 988752050
383419554 806135554
255048801 485500099
785764389 869192900
748411140 956752345
243943522 823013875
180536619 597368329
630435080 915000362
882305061 965092607
858597401 874546546
841490217 910973534
127336912 663291215
605594586 699489842
971227751 987211956
728102458 885275575
25673464 647691555
198466243 530007591
421351326 791356555
731992409 772331318
257635574 588086367
819870080 866992721
804134529 997295007
515707165 741796332
777906472 790808847
295349844 404317662
702860724 880260177
358491153 952127578
861059349 956559177
44559139 987994521
763760208 910784854
539413752 747647992
877522320 960804931
770081151 964250893
225639947 986172149
569754661 622858469
644830962 924241487
129206554 435047165
32463353 625470167
233430966 256333780
794052420 979260084
219144767 810674002
464327645 721314821
343906502 700372552
433977076 930595872
380150321 843282335
602309343 723628646
846440273 914637851
271621565 722613695
900002035 953839276
957659163 963201354
631323683 695683680
19377856 436281155
80910944 171999463
648574696 861564418
587863864 990604234
357615338 543769280
822611899 846636758
873373052 986661611
480865766 702443569
213790048 428137438
345204964 837270975
950676084 951005946
542288449 719669462
912730024 916399012
610221162 832047378
473822068 909884553
266329621 770935955
396629641 575531514
527431631 782876292
712933678 988138765
650958565 716444547
7898676 376535690
107880611 906012865
433382069 926821604
399962436 477872192
642820797 950808502
586076527 696383339
819844405 895512636
88106795 151498901
153887908 707929235
522549715 863320839
1865853 890887138
775160414 792032167
741378754 785197938
99076150 399319428
204197343 474567997
66535082 959529881
791425439 941520071
799600609 849399543
387675523 713010733
919195197 921812959
823455186 900687982
18786684 291688341
455867525 941984371
35799598 994560816
905933192 972296340
157746685 654567925
944060464 952621493
558720328 664072897
467415745 649286999
903084518 930659685
255746045 833127703
967489235 995268516
608345923 777593601
767705146 936121905
61635163 125488581
635983480 649735028
476251349 546996515
576931942 713876231
573209171 579914908
774778605 883862519
56911886 555526695
315240656 622370570
892183491 950303653
240839633 493022540
424063027 977288972
596670540 710247910
666530230 896012799
151102302 537984915
859111844 863928027
184379870 214083190
508448860 726719361
450360939 799499899
380479429 585652106
653727946 828116270
443722665 615214721
436113561 436346333
24625901 941472260
63796502 154305720
237050387 505658202
772839198 923214087
278566290 453349649
567836358 573999985
293668245 987646786
411706091 792619063
400893054 600232541
545239431 896366665
336840883 652438620
631115258 664232071
723312271 797661987
628702252 987647359
20670015 251740907
517852079 710948420
757854090 844815259
673052456 946785919
720655735 798653348
359223622 710088487
772078035 930635006
201881806 711182347
416007059 545924837
930038037 994972816
628616104 769095007
697020143 751461199
253467619 957801017
6171223 218663262
23858612 750062464
288162990 386326922
283364447 650896938
971007117 979835586
320989308 495247942
285063307 995574005
740414611 800180357
19388148 168635251
561112071 899106097
345033774 529073856
695894971 726978771
291990768 721429415
797929032 954389928
631056345 890795371
757992055 850712400
819540058 884064849
190897861 506819118
958876318 967105376
878708847 957121806
938659088 996257480
97890229 271617028
1292399 414268133
262145074 704743449
545614860 857909863
791963254 827562544
785383856 903335578
146657966 284661796
393223655 554379555
769430047 852403228
34055023 721263367
698226468 783892104
434666606 889941767
6345503 173442127
315204466 838705157
362746878 760425038
448553196 982700324
943302189 958638016
292563741 391012225
461422630 549836229
649518703 780193835
862277664 974253809
851813840 938868669
506184176 793339238
512507857 965449754
458178981 515230595
779334521 886084856
38419841 542922707
960151860 963438581
220384360 692460359
639699674 718391495
120602018 709706045
698448801 758528590
695109877 942471002
852069970 897587164
921160753 943853686
551725852 733214278
243102287 435035763
638990380 951583332
940503609 995275168
789641845 911287322
841305273 886195759
702798132 911777146
323833642 762589569
532076644 762568822
128943447 975981257
100393832 332368610
471606599 620340137
559007726 613220140
584765417 979818975
919368052 980255192
476113802 866224707
32146324 678290698
893309372 911483680
365846240 453450782
708561044 768629861
397164794 486509356
554832183 946905369
372429275 450357642
908859549 986415179
963400358 978424029
853337397 948535159
189540642 287337230
175884164 905751419
890306541 943717785
482640641 889632515
834797787 943017048
824607977 980598961
694852207 975733423
465378865 814984126
104054498 762583889
983898983 997645905
827309949 957908655
509323384 742352674
287867516 715347659
378785289 428695932
318671874 490746713
459688724 520199226
319802291 970303109
908861741 935436668
462507356 593161432
254744097 288550446
625523528 702998959
743425591 864044652
195557396 318166213
714527332 998680914
193320874 302219482
77940146 674534750
144410120 585114759
797170666 838865058
142130928 278273032
613274670 654861820
260126145 675050915
406638071 957911147
377520239 754491958
498700165 809881552
302167458 503647810
934771075 962554541
437536095 754362734
229538226 648059622
923510017 969176706
908334732 917049974
866534592 907765696
786860186 948817102
612219957 844161384
627783742 952688157
80421846 443256890
556420207 714728082
697272283 839474906
284713737 491011002
707093016 792844434
840373460 906583140
555725878 779291185
681572342 967903389
394751599 743918331
784786382 956248781
823075113 876109868
979258692 983145104
779331125 908580918
191102858 880366326
96952477 742536333
54630882 352514720
279664657 976605219
361972417 917759433
376575438 607623375
8100594 873681740
182135322 250038111
56472006 737263677
965699534 978348798
316494763 812848783
390229020 751559253
227964593 892371338
42816391 918719898
847653216 908245370
793752345 894590397
897634192 898600465
421394725 826289431
820680923 862432490
999660418 999786607
254699929 709815701
766798729 871749057
641518832 977825461
992429110 998119449
527906267 947670307
945809320 976906050
116402755 692314468
821942559 852290388
695743369 992184023
227252691 453917204
836116955 879819477
819293319 865507063
80622258 299201358
934511121 982695448
529798819 773699021
756854158 833120520
561917890 903263310
331292547 830435156
582120915 858346123
477151964 878122701
224626234 785045867
552047535 842292104
992540893 994780118
778164400 785788428
121535452 438448477
660020950 887684620
450310182 983876077
919716529 930068638
747954625 823944152
593535389 917793770
964626662 971763575
158056850 810092558
224656206 644006035
375723686 761451863
