936 247
36 889 953437817
51 889 315563998
677 51 320708407
175 677 399461935
219 51 124141039
635 51 542938764
539 889 782190998
268 635 10743573
339 677 554943970
553 677 292714385
488 539 834604342
773 51 241080809
186 677 132363137
293 175 649809720
932 36 498842716
587 268 952744089
273 932 127055076
411 677 608314075
117 186 250945576
125 293 691699843
475 773 152428814
41 36 300665447
244 411 388581122
289 186 331742868
266 125 409882104
643 293 535902794
440 186 610586296
856 268 283702845
171 266 586716214
1 36 507366614
818 856 279322634
90 587 871312006
436 268 156837732
428 51 875862716
309 475 395636811
142 1 805774861
257 117 842041883
832 142 309159150
578 125 640192960
767 553 531571729
613 832 195384691
531 175 200043183
226 186 250515642
202 773 202392444
94 202 970969011
704 339 468080941
353 531 425503461
675 889 793157357
312 41 916754359
352 202 565515542
31 613 952168859
461 613 384357087
136 767 892281533
697 587 13970259
337 257 34036087
97 142 781557220
764 411 610435304
426 97 521335232
165 488 654181926
591 353 952961913
163 767 181808353
891 704 25050137
526 136 261285067
565 832 570368334
782 36 506521458
284 289 219982313
589 226 145888152
462 578 57720108
624 1 387005687
67 488 630911002
196 526 16811418
324 51 829677381
871 244 861005181
817 171 832105444
297 309 108230190
417 488 32621932
303 578 639897598
141 488 437055370
396 488 281668733
242 832 47891853
285 764 32328334
667 293 266214727
214 462 117884273
865 587 207204080
92 175 750876570
661 312 231150536
209 266 956870875
860 767 364225628
510 677 58809786
391 565 297975354
382 209 302290296
904 531 427912790
833 891 378494260
933 856 960210426
719 382 475411094
114 163 194492013
656 31 885787618
644 353 820166954
799 396 301950173
134 656 65969265
250 257 502793396
844 266 496986086
126 142 886862188
162 67 6016792
28 578 825476841
269 162 870143086
564 67 256258318
341 134 271453340
485 578 37796252
379 440 589018383
892 799 831019292
275 242 128871642
96 892 385424688
13 202 829095241
420 677 975998768
804 860 792092558
313 41 318203818
638 293 913613398
582 186 439577496
199 804 954871629
78 219 103942921
884 411 948670864
212 856 705482833
358 661 967451086
883 337 31883644
478 226 520763077
101 269 357043502
730 244 733671657
737 856 997618315
122 352 881897156
183 565 161098344
104 730 696080422
62 212 809798361
606 932 713698876
380 391 772203073
237 175 385099314
616 485 600934284
866 485 800363997
641 417 627857354
712 13 647094896
703 866 98101192
756 462 844403576
306 865 644850874
873 866 164933983
622 635 409756349
371 382 874762205
474 171 931657842
272 209 776825098
842 591 336287362
18 358 586304305
224 391 619214254
169 889 278968486
133 638 458127558
652 1 104976879
792 565 940979095
486 202 520685809
788 892 272740952
84 67 155386220
321 883 84713385
625 117 818047706
434 31 803962953
511 641 992837593
857 321 443444367
663 313 880913289
87 564 632639546
147 101 354927557
627 474 28435331
738 932 156870969
6 833 8596790
433 92 942435554
351 478 712697494
554 125 669973059
316 62 201546942
626 353 18385649
160 84 769494352
159 511 405949147
282 643 617966274
315 616 504777426
52 799 731672898
441 866 824238990
404 303 172959397
16 616 494661997
387 738 138176906
665 817 591214942
348 117 574238532
464 587 336420515
679 387 26529654
166 160 30116858
798 87 665575214
535 183 31610318
729 293 291316531
446 842 620316907
138 933 106235038
283 133 89129784
47 641 432719649
44 434 47267614
702 622 599809616
653 297 185726913
680 441 18397330
853 464 493875937
821 625 600371943
893 933 537795180
794 526 549000194
343 202 982859941
357 844 852552637
909 269 450716355
229 622 454883157
49 62 115826623
480 856 594362877
776 589 248044088
495 767 796826420
106 41 963403042
262 844 639139636
934 656 408159023
416 565 381646232
655 28 646099041
560 679 958641692
372 738 745932783
574 730 322839098
287 932 46561532
525 303 946168226
556 272 859910049
759 798 130166355
83 436 405362570
897 404 719763581
299 133 506545439
370 299 370830674
305 303 754230917
885 283 18942833
454 283 777844465
601 719 379175359
302 28 205797810
849 171 194244348
329 697 711104176
662 702 285787370
668 52 914201583
816 293 671921877
180 302 253038359
118 214 475873055
347 169 814193304
843 525 790709735
754 90 680664531
731 849 684113307
929 312 322820841
95 486 279537639
681 833 347859790
642 433 165754500
546 212 857103181
19 553 335237385
915 219 571505726
23 737 277081131
189 78 136873869
107 866 812742992
450 199 630089149
610 661 787270123
785 892 148253758
113 273 719168682
481 396 932868293
709 165 232435307
168 546 138902809
267 833 925458010
623 626 718871494
328 13 963042807
686 229 570907401
911 486 105459335
687 616 697358657
780 446 569432471
568 644 537714048
85 92 304567778
418 134 298538786
790 510 307348654
401 817 301894403
173 219 336632722
489 842 504814921
412 488 205023629
483 662 968533126
135 196 860181903
633 553 921797981
432 909 291283353
392 776 495781492
60 159 248762886
423 525 394433208
736 560 213363110
98 275 461514242
630 574 238871696
872 106 867582113
300 95 594461153
882 275 163633251
536 49 58616946
279 382 662662792
185 98 205401798
901 462 507217941
723 328 648668980
298 668 694081685
281 316 711114282
503 268 433338935
259 626 623939508
403 196 815952884
602 553 933827413
674 391 344779205
355 674 775521329
430 387 820290405
563 578 499488499
102 737 622056089
676 897 895530531
567 893 681454335
482 189 129364979
444 202 563601000
669 420 733756326
148 269 521885243
197 163 556660966
768 87 181075771
221 1 191296789
68 47 738350066
228 662 650972084
555 92 363494409
867 306 593756561
786 214 660905852
820 370 329123460
603 293 943483380
452 723 423681923
455 686 544153005
17 353 465238363
659 339 123728323
617 403 706069245
484 313 879214394
927 606 779522345
7 165 379360394
99 134 336131213
783 87 660168284
541 768 949100347
40 617 397786337
745 99 916484243
280 712 521092065
600 284 382623939
935 44 88058247
805 525 813061912
80 680 621450363
91 142 962647397
592 117 565233526
645 525 505544801
26 681 359411743
752 736 15847312
594 780 182771509
301 668 751938072
164 107 921883267
628 873 855555487
917 31 265805133
124 62 314895824
724 84 338355070
363 616 4921146
21 641 537697859
390 49 283787175
394 237 77495474
561 768 96352878
453 289 509340091
841 541 452264238
612 423 316117270
569 117 280581716
334 36 367741384
751 782 436079233
121 165 246198228
278 767 487993569
227 107 607090980
598 67 233281353
32 214 747307869
213 101 150134106
922 197 507725522
150 464 947769480
717 556 170835486
466 849 86221243
72 392 545169437
513 173 427159087
350 865 176096915
611 745 418257662
711 423 392973698
356 72 475610272
698 555 798255496
906 23 233715190
779 357 455909288
193 455 866557347
584 553 455902385
383 259 771922492
520 478 629488150
156 638 364335583
198 305 573645660
838 80 516094893
399 278 861399806
38 587 970859697
605 865 346818871
405 889 180073645
757 273 371341773
631 564 852008471
830 329 430144840
827 16 496315186
388 934 441317415
45 107 275988504
439 434 110967300
144 767 737191295
880 193 557478245
308 85 262450112
402 436 104041667
194 17 164784554
338 520 955474824
393 297 354602470
692 293 66505332
809 738 314580651
907 574 482955713
409 106 784328567
898 838 305787927
295 348 822591336
771 535 166389771
261 783 113736053
634 94 841738240
368 439 824605040
825 402 767752819
225 745 275588218
366 166 156810354
733 90 243362874
230 26 679526934
457 80 757895831
167 300 851099626
845 856 938284395
734 554 830459151
852 134 652120650
415 366 99184457
232 782 736163677
120 60 714596192
210 865 768924827
895 617 917768581
741 370 925843977
789 339 559113822
145 279 545608449
330 686 951135274
207 343 495195914
140 771 123739167
928 733 414994955
155 269 855348527
919 28 310852121
445 379 600032833
936 935 160340769
695 611 355097379
690 156 160531969
378 733 907667388
248 915 475621920
763 87 489121103
3 794 475161540
839 430 99619961
458 780 977969290
673 771 488549741
152 138 936368942
590 531 20583342
217 23 481439292
746 287 278343798
930 798 15507282
772 453 9168975
361 387 656677361
502 259 946509593
57 820 571448975
815 426 877613992
192 531 173116918
236 45 662854197
61 303 891813702
801 872 981928329
54 827 77131657
538 690 873676674
346 334 916672679
254 60 535509929
256 104 17450398
81 584 634917947
549 282 488534799
30 538 785319674
689 155 380168979
559 513 908943175
802 399 696957016
89 849 62566434
570 723 590889949
496 60 832039309
576 269 379996551
367 412 480603154
354 475 709627050
110 244 461104385
498 49 821118447
493 464 520538324
761 484 579385779
448 357 675280090
200 194 170304028
527 526 106572941
896 825 439826088
204 125 946518020
490 587 82641745
861 51 607840682
504 199 740230978
317 159 725615765
619 627 990776779
442 199 853996203
629 833 689808404
43 483 418629992
179 880 77124352
143 192 627478222
385 520 89841774
716 117 326732990
811 709 610233675
551 574 581043295
375 442 125368328
82 805 323003062
456 871 46146863
694 531 792870173
115 361 412053926
715 768 278565824
395 165 590346885
63 166 710862034
472 214 950159538
132 631 73949651
8 612 486349977
693 101 11672533
753 97 999383681
251 526 32220499
846 723 236866058
585 337 772603680
728 372 335711690
397 481 223882848
386 779 504293434
477 298 996641696
66 30 272674782
774 420 700193473
93 393 699647331
491 279 541680691
921 458 410241548
683 779 598873006
77 273 363606997
547 104 341413370
795 87 383842299
437 219 659565388
75 412 442126674
233 248 450642459
374 759 484245037
27 217 214019594
791 358 179097770
658 794 705124354
310 147 726243423
834 694 401508253
296 472 902255827
505 458 843058602
571 625 788540120
877 316 446126939
902 138 450626256
220 927 545852236
760 51 178487571
684 556 845635691
15 54 764410057
154 565 481005441
333 92 56642396
886 305 539060809
335 96 851608043
575 256 887472892
721 756 377515475
88 185 787876448
800 317 417625179
74 592 622956442
243 420 124837396
777 893 744838460
365 458 654170711
108 799 723220539
109 772 604776491
271 455 530080509
319 66 309711989
73 221 548839947
323 782 312947064
670 505 428294929
607 358 985799728
463 219 145799084
718 852 858347904
814 8 225715521
646 275 218452518
419 795 60628480
726 87 612183175
604 641 892491404
740 114 800857717
515 643 16426584
20 134 379169940
636 317 244038658
274 392 466514389
823 644 904684761
615 565 617927406
558 302 983672606
249 166 501654000
22 687 347431944
657 23 808673110
649 729 733202979
540 293 6476691
470 189 28546923
240 454 466783113
705 665 362575248
696 97 227471699
34 221 654184928
131 298 161259347
146 244 833279038
573 317 98600942
831 394 81860246
238 490 718305374
822 904 169815346
888 675 356837100
755 657 714225954
369 278 565847775
492 405 792953583
848 82 631676854
529 175 134407666
548 873 611344971
288 244 536392690
544 54 312968185
304 87 146442783
747 877 602061562
671 256 736999414
806 619 933951739
532 97 646573670
111 284 723157086
327 409 634060227
253 219 586205873
174 645 798225497
410 582 548016518
247 790 138780629
534 738 149057010
876 379 78695004
69 156 111511831
406 125 165582049
618 347 343284041
191 452 263156235
176 695 382014459
56 659 636771258
158 556 881346911
863 339 657686603
130 656 540833965
318 809 249854362
5 653 559330808
514 885 525401877
33 365 517709972
793 482 680804960
664 304 486623981
701 723 626243852
39 62 862900187
149 3 889444856
427 82 506576578
325 484 163365199
290 159 814388749
787 118 924408959
211 718 178857755
314 101 285402374
650 564 571295589
597 117 313305006
246 145 884975766
868 474 727185233
451 697 190921734
523 692 130196124
14 33 499306383
48 6 192764679
735 815 654093931
894 763 198500188
172 886 673150032
373 327 812670884
182 350 272800249
758 6 84921575
384 555 966195703
572 472 375434807
537 261 502849008
467 928 166232897
25 21 361009413
916 687 125520573
620 68 124492268
639 689 464597107
700 115 615349507
732 679 708559184
255 582 805486488
79 821 101554942
431 420 328953944
499 418 118244886
900 901 897767044
184 300 566826546
178 560 693931596
320 611 142389403
381 352 221691330
708 267 829079531
528 419 172875580
557 615 219457285
151 491 971283405
222 330 243522922
691 513 308285609
443 191 192836840
808 79 907616318
10 189 698609834
749 352 332092193
340 381 687850773
400 77 134038760
286 504 642268585
912 348 495908478
208 437 466474505
153 785 922175691
910 194 995246583
769 133 655857697
429 806 144201465
926 333 146804239
509 462 97956973
654 250 396053946
263 220 99935083
583 470 971071275
542 815 130600686
837 346 482606486
913 696 106575948
345 613 161812536
748 876 33345664
103 419 637720209
59 783 668488043
878 3 577368682
4 691 338533380
58 211 213137620
294 636 969395080
203 233 647607271
326 876 365420509
11 194 284272302
803 339 256048662
425 888 930446928
581 557 548138487
609 821 391671732
421 665 313256009
129 388 272408852
206 361 238620926
722 262 641003395
360 40 944694738
836 583 980072620
170 763 167348798
342 87 145173366
614 852 301381196
201 488 269331992
807 271 414712934
518 118 39876324
879 393 293916897
407 717 324614925
727 261 226348826
398 125 764827854
195 928 828111821
770 634 110410115
46 511 353378409
473 650 321327582
847 694 120909867
762 66 593841995
660 201 580881757
579 54 849567874
252 340 134842247
376 294 383983757
599 159 457700047
216 11 946954277
291 518 560359232
119 174 396483811
648 69 937392363
265 502 679251344
543 170 503233241
685 150 552674961
640 727 229731162
177 553 147980928
24 390 955161445
322 192 697033176
566 570 783244034
344 648 919260578
116 794 404838866
781 69 100186129
112 321 523683422
586 267 809357835
714 594 216822043
501 804 741208725
487 446 48896882
682 755 930669707
435 894 347230567
552 646 111867862
810 94 680942670
869 376 328337919
12 83 303668550
277 178 745589803
918 866 23741631
775 789 108889556
512 417 788307757
562 396 692713290
524 439 921347488
506 698 586576679
332 639 486831528
218 681 3537478
42 26 466458181
545 194 902456169
899 480 299103769
706 180 437615958
258 208 5524407
264 381 552254745
637 836 200141879
494 620 778958444
750 308 776816506
508 915 931341333
161 386 856152774
460 570 286257177
459 312 122872712
50 752 394928416
588 173 934455732
580 360 319629858
742 768 950503203
819 18 164175952
743 692 699251795
647 243 968197519
234 557 310811631
765 506 756072395
517 523 351655318
231 703 830361233
239 539 755402665
651 857 246251221
874 478 360129291
449 365 918462094
35 482 112832946
37 5 526897601
530 225 421750155
621 880 250093183
854 442 592343735
688 179 132188234
276 638 990725846
127 626 878713703
336 463 769476193
414 757 534139579
881 807 580366985
422 904 251766784
235 665 394266001
835 911 636570749
890 3 947431723
2 668 851855690
205 127 830616220
720 150 351883963
826 75 823912471
710 810 753304470
903 303 544313963
64 224 459510301
666 787 44070738
713 600 599463698
828 852 827890616
521 693 910570657
377 933 382728870
469 161 544761046
914 145 19156727
223 275 796716279
123 33 706106610
471 869 507720838
139 799 212563613
359 462 601088949
476 430 130966776
9 907 49641949
859 67 333368093
851 198 964519673
778 737 289890920
550 315 331619346
533 202 324121518
215 259 487108145
307 138 177255523
864 38 611786087
408 38 491535282
292 473 822009843
707 320 929792658
55 336 266529392
632 540 753336286
829 3 78137274
241 456 908841586
270 291 923238430
53 533 245430311
678 93 766951693
824 402 784421227
181 563 828364098
86 161 986360458
349 6 183516034
105 723 302268256
187 334 507382880
744 72 741683600
29 361 489681003
447 917 430302623
519 832 540592548
784 477 311728485
137 730 986109391
413 276 374442083
855 491 34079382
905 900 115902715
438 653 198026730
924 407 417344481
577 770 902641415
331 926 480790909
796 536 94129479
468 471 807780222
595 833 756456856
364 250 877408263
157 817 12332128
858 206 999690624
389 666 749573048
672 238 510191935
128 28 331478158
699 171 772460284
424 478 538529097
65 612 331939472
813 869 150109808
362 872 74818588
875 885 648116121
593 833 392524214
516 238 229242220
908 392 749480771
887 398 303781409
100 250 294973242
507 684 747486542
739 677 925027540
725 86 213570672
608 765 849185882
497 290 310185839
862 306 208451605
766 844 93392783
870 248 355333269
190 715 644765687
522 352 886261943
812 894 257682105
840 762 262026205
923 879 946655857
500 912 356155092
920 289 635075830
70 265 368465314
71 384 238208950
188 373 860212332
76 344 7924575
479 545 39860948
596 340 125450665
850 412 79328169
260 802 247630324
797 107 621207617
245 415 593355297
465 578 426495754
925 63 207384287
931 507 679655440
311 894 733146800
26647 33159
90960 94573
76096 81751
6775 81623
78392 81156
96960 97326
94246 98743
73550 82855
12360 81355
57609 85786
28424 34737
97023 99914
71750 98036
61078 92288
69510 95072
43799 78673
37275 94987
93582 96250
33194 92881
4144 48073
40085 86926
79036 89006
64848 89357
96219 97855
10621 44693
91157 96923
36886 86228
47402 51686
42849 57942
11646 63656
24781 46887
74229 89203
2301 99357
13389 90050
2522 58833
85741 86714
61734 93222
16994 95986
76879 79833
96682 98736
93458 94427
92157 93030
782 37190
58903 69299
25664 80375
56466 66313
31804 89520
15367 35726
44451 81081
49511 58334
98979 99573
4239 52484
30116 70047
85191 90891
65971 97629
82670 88051
66031 96880
75955 93919
49293 67872
20489 56953
81002 97584
56783 64582
13951 27225
80491 91560
95861 99925
34617 67300
29352 72815
8178 65642
66451 89599
95898 98662
13600 89226
48517 70809
9824 95222
3412 78581
66452 75652
86771 90598
33758 60161
87578 99638
11706 13773
23797 29915
90163 94441
50852 80178
60821 97655
3802 80226
12840 16167
5580 14752
90502 91968
13480 82403
84969 89941
35105 86952
80062 80155
36505 72107
26769 72864
9367 56177
28072 87160
47149 67014
81753 92846
45253 51553
97146 99334
54165 59974
2495 76289
41538 60080
68891 69346
23430 57812
69865 91430
50371 95097
2574 76867
77437 89832
56039 71727
8250 59475
47523 93967
28730 90193
87970 88086
28494 76656
94171 95063
54615 91094
32362 89518
81356 97456
69742 78535
41397 79461
62963 66536
77860 99434
85158 91235
81643 91648
16608 58627
82841 93754
5863 13220
20018 27210
62294 65225
11470 27765
60336 76309
30798 58255
42948 60712
31516 84129
7018 85541
50077 54734
96362 96830
61180 61889
30004 39526
95617 97211
38925 76181
69753 84259
63413 98991
95293 95341
91462 97249
14801 29973
8569 47690
80966 94857
90496 91044
49299 53482
69078 92714
6979 44799
21981 91006
14938 54417
60118 87527
19755 78387
5985 53219
30222 91200
67723 87381
57788 64712
33074 63965
83350 84210
27628 99565
26056 30286
55996 68126
47823 82999
44598 58775
15579 85742
50466 64575
25903 69304
39219 88600
73359 95053
93688 99333
77388 99346
40565 84317
59305 83291
74651 95027
41423 55109
36026 61102
13525 92256
73628 99725
83853 99462
31659 56853
78353 82139
61023 72167
78410 79523
41135 41594
74759 75656
40852 80571
8876 22076
55059 76486
45434 68407
25289 93807
89213 99329
38286 89283
3913 79046
38215 89966
42452 95978
86166 93999
79920 88908
19997 86919
83905 90887
24794 46269
34194 66586
7682 41039
5536 60264
68088 84078
92336 96425
49303 51407
84411 88124
79377 86201
66469 69895
97825 99127
80221 83565
27485 37998
78903 89186
69268 82697
39953 78208
7680 97234
21437 24618
79726 89698
24849 86101
99788 99862
69400 81891
47723 53601
57045 79729
61089 63069
96897 97834
16175 72125
27241 81801
70961 78739
23987 65049
87132 93870
34654 82435
18085 49998
4763 35895
59561 64395
82530 90232
27380 50650
91756 93371
75775 79723
6131 37093
57265 91091
56745 90685
20238 98297
33455 61383
45829 93889
