483 774
289 1 710309347
289 2 688990852
3 289 212047048
289 4 467774962
289 5 238386813
6 289 997037010
289 7 742347707
8 289 369141635
289 9 717005528
10 289 221453717
289 11 308843364
12 289 111409907
289 13 535232644
14 289 174957228
289 15 570207570
289 16 713776851
17 289 255256984
289 18 778180077
19 289 632864936
20 289 289099861
21 289 478657125
22 289 141575561
23 289 831686329
24 289 549601150
25 289 156764943
26 289 127698357
27 289 965789761
28 289 952325941
289 29 848423852
289 30 661846077
289 31 796742817
289 32 145206599
33 289 986372055
289 34 104883015
35 289 342704718
289 36 719399145
37 289 776808888
38 289 391866123
289 39 62405909
289 40 863370245
41 289 384515999
289 42 776541224
289 43 579409444
289 44 757904396
289 45 945352210
289 46 839360807
289 47 734927134
48 289 117825232
49 289 342400503
289 50 824461132
51 289 205013941
52 289 135907607
289 53 399225387
54 289 878729170
289 55 572239512
56 289 872369906
289 57 779773507
289 58 982614878
59 289 752029433
60 289 663904368
289 61 64136547
62 289 545449001
289 63 24997780
64 289 259691559
65 289 726750643
66 289 862481872
67 289 135671968
289 68 190732282
289 69 815772642
289 70 707477515
289 71 248422057
289 72 829622556
289 73 27642103
289 74 203988558
289 75 54862334
76 289 438406548
77 289 452873830
78 289 985781239
289 79 937823562
80 289 644158643
289 81 614097354
289 82 807624358
83 289 69043834
289 84 92849896
289 85 826694692
289 86 219926266
87 289 78129547
88 289 233095967
89 289 206682136
289 90 932054465
91 289 853260800
289 92 579106450
93 289 235270761
94 289 551478576
95 289 477136802
96 289 489616238
289 97 464793246
289 98 721692549
289 99 253267997
289 100 597551765
101 289 743579977
102 289 651373131
103 289 196598857
104 289 163135552
105 289 561374785
106 289 641889012
107 289 845662604
289 108 555882506
289 109 483101761
110 289 691534627
111 289 985809183
289 112 182742141
113 289 624755011
289 114 98681003
289 115 140120225
289 116 582779039
117 289 880144528
289 118 208120014
289 119 922154081
120 289 667244200
121 289 45559820
289 122 841179956
289 123 3910056
124 289 798558913
289 125 252881770
289 126 540214124
127 289 603407835
128 289 511298099
129 289 419238654
130 289 252591716
289 131 745403061
132 289 159992160
133 289 275371891
134 289 984139112
135 289 575298545
136 289 318941832
289 137 501150359
138 289 642985776
139 289 130013408
140 289 261757540
141 289 553771522
289 142 452940729
289 143 390444921
144 289 142161984
145 289 362963570
146 289 602757581
147 289 102902813
148 289 27872641
149 289 925791537
289 150 994338941
289 151 782415087
289 152 126932717
289 153 603504203
154 289 592294080
289 155 892175505
156 289 187318808
289 157 566959237
158 289 126847862
159 289 295621728
289 160 996218264
289 161 807114600
162 289 640755339
163 289 412061379
164 289 256774519
165 289 993125211
166 289 122271134
167 289 349836443
289 168 308136799
289 169 295750354
170 289 42152698
289 171 341042141
172 289 331011658
289 173 387046228
289 174 362674085
175 289 498317995
176 289 311224240
289 177 37502021
289 178 608862499
179 289 60298080
180 289 157250935
289 181 414620332
182 289 309384558
289 183 318028342
184 289 7049051
185 289 667784793
289 186 673719002
187 289 666341030
188 289 965584028
189 289 87264902
289 190 964335227
191 289 244008869
192 289 674765375
289 193 23230177
289 194 963738669
289 195 566261534
289 196 37463262
289 197 695129452
198 289 464099095
289 199 956204757
200 289 807933562
201 289 661439251
289 202 390263847
289 203 353386633
289 204 804538349
205 289 159446448
206 289 202787254
289 207 33727542
289 208 144393561
209 289 750506165
289 210 752998462
289 211 786570293
289 212 233426353
289 213 930904498
289 214 42652661
289 215 981250318
216 289 710315606
217 289 149665837
218 289 781695870
289 219 710416281
220 289 848767636
221 289 872524462
222 289 22789915
289 223 600269203
289 224 691385356
289 225 817135456
289 226 801695703
227 289 726309308
289 228 627764836
289 229 674593954
230 289 809106606
231 289 515076343
289 232 833592030
289 233 817438330
289 234 829377909
235 289 924581874
289 236 876067
289 237 279826622
238 289 349690959
239 289 923766862
240 289 178208567
289 241 826289510
242 289 115640715
289 243 254601507
244 289 176278450
289 245 420272190
289 246 365612744
247 289 746701529
289 248 642937190
249 289 467514680
250 289 762891914
289 251 807571445
252 289 794225111
253 289 923348096
289 254 800472620
289 255 652008170
256 289 164686833
257 289 744635643
289 258 291228064
289 259 119118564
289 260 216077395
289 261 651799324
262 289 428936603
289 263 95354303
264 289 808191983
265 289 23243360
266 289 510937594
289 267 792162587
289 268 910932371
289 269 887384633
289 270 745400250
289 271 204502877
272 289 690472067
289 273 617226148
289 274 735490620
275 289 658375177
289 276 209221388
289 277 311917841
289 278 185376968
279 289 742705373
289 280 379369010
289 281 476559839
289 282 531951057
289 283 458063104
284 289 308716032
285 289 777153917
289 286 955470224
287 289 655575861
289 288 396260295
289 290 889133951
291 289 768677353
289 292 791501193
289 293 214129695
289 294 891867471
289 295 333863008
296 289 101228782
297 289 422997163
289 298 615868086
299 289 906131220
289 300 191167402
301 289 162890859
289 302 396292414
303 289 817597343
289 304 717392105
289 305 989474821
306 289 34288833
307 289 281331434
308 289 370384
289 309 657352181
289 310 315410975
311 289 479064749
289 312 184567865
289 313 53957303
314 289 340915748
315 289 56760211
289 316 779132710
317 289 890400336
289 318 458319891
289 319 371442249
289 320 880303642
289 321 194322551
322 289 68472629
323 289 463643626
324 289 33364362
325 289 337916985
289 326 605805190
327 289 592708277
289 328 295817070
329 289 752084763
330 289 509009309
289 331 845824085
289 332 297477668
289 333 889003514
334 289 442458580
289 335 178110082
336 289 818275913
337 289 944419840
338 289 409685128
339 289 72732482
340 289 199435658
341 289 371156121
342 289 978740268
289 343 813386512
289 344 756611131
345 289 583965415
289 346 115984965
289 347 924605507
348 289 297631111
349 289 885022856
350 289 518255781
351 289 447549403
352 289 650118673
289 353 570954818
354 289 388917046
355 289 642860241
289 356 910596141
289 357 959979228
358 289 397034236
289 359 26861610
360 289 624326488
361 289 883668735
289 362 438823034
363 289 848199533
364 289 366161282
289 365 210678039
366 289 139257179
289 367 753882809
368 289 296400497
369 289 862446734
370 289 133462100
289 371 787305415
289 372 164091141
373 289 128191546
374 289 221238290
375 289 84958248
376 289 361628304
289 377 964616792
378 289 755715885
379 289 607985019
380 289 890652625
289 381 793292560
289 382 64009481
289 383 950246152
289 384 51448717
385 289 265167339
289 386 520091469
387 289 512485302
388 289 433919233
289 389 118955470
289 390 438786419
289 391 592435705
392 289 515853561
289 393 890763188
289 394 490811402
289 395 112444090
396 289 588918588
289 397 946395394
398 289 910565090
289 399 975460551
400 289 436319603
289 401 541798525
402 289 380195734
289 403 626001790
404 289 673209210
405 289 612910465
406 289 115124759
289 407 965161695
408 289 717461078
409 289 202219043
410 289 194952719
289 411 389406664
412 289 301995609
289 413 798627504
289 414 932506255
289 415 624713818
289 416 965967560
417 289 230740699
289 418 742299243
419 289 887503945
289 420 936055041
289 421 55074570
289 422 105410967
423 289 834157696
289 424 544129769
289 425 584072078
426 289 304341371
427 289 620263282
289 428 184930241
289 429 526780722
430 289 613440319
289 431 763805642
432 289 768212068
433 289 999239704
289 434 139248989
435 289 987738794
289 436 372182995
289 437 964561212
289 438 658218472
289 439 869564953
440 289 651101199
441 289 773464950
289 442 370875588
289 443 947669896
289 444 732038660
445 289 36587389
289 446 402393478
289 447 181671915
448 289 746943272
449 289 894376705
450 289 83021465
289 451 171883885
452 289 335618389
289 453 646086420
454 289 232096765
289 455 184451952
456 289 581479402
289 457 89155137
458 289 319723418
289 459 655022248
460 289 754524688
461 289 442700946
462 289 869688241
289 463 462034955
289 464 563963463
289 465 526777370
289 466 662949413
289 467 532853645
289 468 741650986
469 289 146469512
470 289 368546125
289 471 532716285
472 289 919782510
473 289 866180110
474 289 394419032
289 475 65823601
476 289 802106283
477 289 366370667
289 478 101115445
289 479 802402087
289 480 15622142
289 481 988196944
289 482 907297553
483 289 466349099
369152343 463656682
325028847 344585384
223320858 479972199
684246463 985800365
798871535 805519718
532764832 635895726
225990219 474691038
19964593 251149295
786955970 939128861
530140575 586627117
12484613 206493109
121035279 353394084
194131571 370357749
195942367 643925304
837126094 903201856
891024047 966103976
558106547 815067397
945014241 952694641
953070846 967374028
630250728 860206256
182832479 416826938
386746585 879075280
767712899 835322695
985339765 993736617
321996126 741990292
71375116 827127611
266036360 280999818
96243743 191998835
358261021 730752000
795157963 818025418
894422957 972461040
967309559 984945428
482362257 701071065
574981662 896444849
376155243 709478679
210370159 796725761
432719325 843619343
608163477 850107326
642278274 909893933
984092558 996117952
695601793 941405926
377326153 853675301
772252049 870429153
148339975 276288516
655334510 932765136
508889741 594169352
149400754 831361673
547772712 957002779
966045257 991209922
975547238 990852065
414266798 449242695
242350142 489282102
76392004 899964304
853028073 891049027
148499431 435333257
35187726 220050067
998681321 999725108
199783949 684446682
576898095 615639022
121843503 170705477
683177748 816019426
932333766 977331630
244845751 943553784
321952361 994546640
667499088 762795221
655468158 808894704
866229718 897140763
886632740 989783490
11186229 556425196
890130083 915800877
660152040 876147145
319074159 844024270
6896105 500417500
823089058 928027742
736487601 836543790
560834666 916787320
685864480 711375644
523409951 603280368
186633240 931122590
455494507 839607396
483202273 493978026
597714438 736374479
740105466 831377939
444957275 456306174
837498258 888107168
563966279 966856155
695620066 902159079
667817838 933105074
719132284 735975455
56878574 865430886
503900568 627686373
359444107 407964350
462879401 755982847
186605759 188593230
303755786 782919720
25163702 916825855
975300746 998400560
551993844 805690967
910972863 956011895
761553962 966860187
702361577 817613606
265600948 539122030
562375987 978693475
611369132 676909457
727488542 952431549
755475294 976027022
188379844 850746820
915460873 956410160
389525396 953764259
781074990 811908275
877469632 930856102
334372367 518240767
121624939 942529217
375467736 665989340
643746504 657283150
815713035 825499596
484189698 715282615
271716798 740955895
838892515 933229252
640724905 949905779
974523 785073235
413303122 566851041
390925751 755231644
58610301 676880489
188228818 480398012
906101644 956271935
592762883 827025749
133749504 827331863
58687361 82544018
762696900 913152345
397977902 444105338
438544284 893253829
157119247 658174997
954167296 990041911
597118286 937346020
724643209 773548347
209206131 680485645
882510111 980278913
780989390 861238120
742540505 767188100
735216121 784417863
38679599 681789333
870221058 987006240
218626969 759713051
420636941 829824649
419744895 738318606
64260608 452102074
859984707 905806028
650594225 792414798
762691826 954914410
934626444 956212600
277333031 814097377
800283351 893835603
120368198 605539924
838092958 844491330
110050113 733094887
335927481 735743495
318340392 425291765
714088335 905255011
836655792 977616004
438902961 608633066
805327614 980277580
790623828 876362775
51397586 797880742
667508291 938497649
858241175 875759120
605061360 775090625
536582539 691552369
533166011 930235439
40888064 126749238
894423005 946975319
234655155 679442720
137734567 825234960
637682213 746423715
820910131 889641940
287702388 627442591
108427562 271258504
871404004 899815409
121540187 848162350
587834472 905623639
481349518 827757482
400192218 999041330
951111975 980973665
43237468 365360103
993347536 995798324
905967563 954733561
961481063 975779556
899272715 996984788
763142810 814727725
224548088 876974468
547946799 632816128
685562570 760470304
327233752 844280830
686917302 934114569
498506258 691120274
739686769 882618818
671464838 709127907
842077593 959599508
517871400 999013847
304914103 783739374
951150508 987584697
629928453 677080671
506474731 866706330
919387179 943410685
594223088 931612936
682956835 852272925
392017517 833127871
557868755 690028465
629353008 982370103
252219707 484127843
807876080 847030740
188852732 409202822
915245329 991404707
287158467 559835200
36580431 365867310
225446033 807020700
751477018 851008336
55148890 916911457
111313496 406080506
407733858 785910743
731887741 732012917
168378424 883200160
89208419 219385485
444612616 584010150
945992671 961401056
562311841 711292692
404685784 758773246
479326750 893579413
939580728 984067175
808543406 867531634
721110677 727477316
501924836 510539498
948361851 954357641
53910205 646296551
304560864 987783848
656552932 997603004
871724463 935069707
411448854 714578828
878389863 882757517
388032494 404774672
137653789 814765378
109454776 436242835
591308674 656124239
468485511 800454268
16292348 444151690
633440637 838817496
834053029 975549444
622842759 649345658
610951 785353776
693803831 890888744
790610110 982139318
258798897 751315650
244692692 928987196
389193682 936592844
806932545 908160523
798583293 905291797
212963545 537304801
575648242 848872897
303098485 894112193
291492095 582145428
923746028 955009138
746966292 928875894
613144156 764912613
619531903 738451296
235654514 970525256
779038684 935221317
190526835 697754795
519757148 642970186
618746656 673656681
557463852 744798367
214799346 799196493
340261944 696917230
604358328 994904720
728846347 909278138
341155919 744431112
66955441 479318563
495461545 641120191
850927922 904908023
376909776 670693238
210111226 425415608
961075316 999675314
38281103 822158968
235738303 416248228
16300660 752796863
768960647 997940601
636849243 935681688
589389983 797795775
891098146 970000909
889048396 957630106
222394698 335256850
556609670 795067961
305501607 623610395
830568751 884592791
828061005 929683888
299120538 664774546
932448088 937935121
417956751 780147997
149294348 896420551
989402836 994026459
270623328 843197601
899974723 969178344
791718008 825245567
837973431 856319967
748938540 945451810
921804974 951067385
194999012 614934415
181883885 710642879
305555936 703204129
7077759 866439657
71404909 129288825
975341095 995344071
595084526 695774860
864797623 874661421
353458677 378361484
99886500 917761631
908642473 982265833
930271463 956113232
784717017 799998738
680920563 968165429
151079202 699793080
549531414 945507759
834724804 919084140
610646405 640291280
567731368 951558191
681268514 791257589
85554890 199154431
381718867 560921098
906458125 919135738
831785545 875325830
948859724 990385046
811755642 963729707
504779646 617056671
348285741 642571262
573095208 742958244
426016755 450253378
440174090 937985515
708581172 899902275
140592880 672992425
598088038 996024643
521692612 628897286
935592258 960760493
918326846 965197579
411903205 917657276
918956593 944356641
235197931 784430897
613266424 945676475
843009670 936220642
305164368 730124857
902913874 912524002
343722430 572028183
736745573 848789801
511170950 710603775
329218365 348878221
22758088 967572080
347179791 969511712
921893073 939539216
771860278 985601207
113594972 446407500
112569036 796011631
545621412 611490264
640181866 867580917
65061272 652658458
876573832 930847016
137870224 758272840
943321467 955757065
900900505 995871651
747658456 969701884
736113578 790544463
593528185 806131251
475149082 555332863
728850413 800899309
937617507 965318608
225905982 512632309
775145684 969984852
211270046 514717198
961860247 988472631
630516268 660700836
124290869 489898279
2384205 621964737
500473913 929213845
692587396 695821831
56555539 447099971
316906793 353660775
24290396 670053621
505738704 595773206
229150877 562413047
948893618 976757098
615728898 718269663
231420302 590275726
78283952 362777120
261172572 550087306
43668271 542809789
659975002 786204634
440999515 633437404
456362476 968085208
33333505 982428417
555727715 857384558
36917628 962170116
491820671 723193947
490273591 772614335
310177295 442763838
200191517 968094894
28196951 709210552
660421223 994692230
859183899 913182080
333237355 464892116
604065338 608497797
784636464 927807513
347876313 379949889
224466744 463314355
405476491 978614068
824371350 926230657
137225034 238507062
667276567 896097749
263239015 591909393
313868663 900965105
378569199 535991059
494673286 922564489
986014034 986981170
344969095 500597630
126551577 571811248
252757812 304275903
459341198 699038153
7531131 261899688
741721478 987702960
420336346 833226594
643393547 918600071
540926359 605095515
418726203 758111838
887567796 928346424
831900845 996626637
229615502 629334418
24786926 365959371
184023109 845603678
688394256 825793858
946062302 948826560
576705099 903566231
234298385 658443344
739501030 909458539
991358389 999122277
89933589 321787850
406126920 423197171
457155296 510256936
361934012 670107003
611632021 683570154
509671829 827742403
420313127 889398430
733386087 907456249
447937840 665281417
577079921 759531413
4115739 120648749
260467917 613614035
869710416 941555227
507932328 632856490
388750304 512701260
156978576 989489771
99985168 190278130
433017248 662774491
73161370 666233835
44980534 951550395
870508586 898809588
250850012 957301891
729539214 806286901
14577291 641026001
882659011 888176077
584771133 812032982
199256617 448528544
174491031 559363403
626077330 745916650
230777556 496371662
732330364 840422142
516566842 648881034
652759654 898928673
973430127 977827384
927747136 933731702
509848172 534628424
478984411 482120921
564251153 660635780
485511619 855393600
31506720 89472102
435132603 970439630
188633186 735551506
496459285 986687577
666756335 675346048
72573834 803919652
855245498 993857208
404562047 956747619
457372776 921724284
873265735 902938462
407127549 952374516
893839952 944341443
646775125 834722048
433487566 523046307
957591306 998398295
170573563 388319073
778076322 827930538
493888718 538024941
152320331 690819244
409924184 470090021
135868524 851328427
755654655 877253281
134373347 996565704
884186868 891792907
863874462 959859558
311733925 393676533
626111286 956301258
86143901 166122071
162445871 920512662
378839192 794111920
763866657 989803923
142407560 297072823
221076123 884247135
203054874 726070184
472733085 832733506
450631637 692227388
636867426 706933794
840244620 855540538
892405990 945249922
312767277 513991170
543238634 552318614
754544686 830938689
244671693 838506421
322765711 330055527
975208737 996721557
437335788 620701677
434944500 994201000
780580111 813898496
242808173 337076888
112613934 796034129
318337031 907586157
938006209 966569865
462295424 705312487
561572935 943209926
672456381 872823518
584290980 606862991
38901197 267799475
117889850 985589017
998647057 998715196
115265623 661725551
961839073 992725706
249691818 884011607
177907738 922965249
280883909 883245656
694208051 730616263
784581133 999852395
207465456 934001659
327862570 815156701
495088682 967869380
12523718 970565116
932449004 961723279
472907456 645325865
590459769 928836081
662426752 832959482
465277228 963827273
798054445 891698323
974645873 996091909
669029237 933212429
153339157 497140814
315386670 360330770
194461742 515881802
874725720 931912688
231353833 637509187
813122427 873066342
273537154 596030464
749020721 810553245
12697141 187278822
256629407 661136183
756698041 995764820
704390199 954804636
540908929 711001569
988993950 992224835
821473067 928307830
551332798 922338714
207123571 738337014
300645841 583477107
94862569 446337867
665923811 742645264
770294249 871075172
89059128 419954095
290349126 622210640
773178915 877494963
532744517 619964364
39224287 994100890
819786339 990809299
222528560 347578085
423656745 859580727
582351275 897405170
41915325 135983974
183175212 677326369
271754982 678185096
647626364 665628532
877121807 940357885
182480397 386112570
605238004 619771688
117680005 346679613
821530204 823913491
91327710 936073952
711327640 874194832
620433914 811140111
808249812 938398821
487507687 794793897
582737100 970633312
310131696 646417077
817390551 826719503
444319640 545012422
917890539 962044816
666111045 713819695
924207862 929118233
70403919 317931164
59646194 383398881
905449849 930119866
196693226 961029347
543977685 935187502
560582831 571977171
617682402 869121705
176490791 448666314
889298330 961582229
627096771 793196778
688778578 835078249
264197685 854461226
86036406 748117348
721609195 929176125
810352837 985779158
706404027 915699231
754023734 882482410
44409108 428860575
192991024 865834994
618007813 665570736
705446242 960733831
223866202 712114513
697574949 973106532
14730576 751583144
127954840 173942014
868484617 983086799
217435508 795126080
538179358 959410233
922282759 926933934
530862165 890713496
948652620 967793595
99319461 812463851
638438343 851895683
600039433 871147674
55749509 574735066
93675869 315746143
892908287 923256413
694931347 812763322
569222676 966313182
200494907 544068025
859038449 869655900
225547570 718700472
828623754 898413583
614510308 777025132
77924927 871405372
562185496 706190771
984099306 991375121
608511388 973619668
796756549 895461289
865541376 967850498
43354518 438903812
872391805 921894453
756881954 833489010
596062137 913971743
171242228 371405806
404420000 992297686
775247031 831170615
954822660 998088862
455958839 960181446
147062004 550926424
810243237 895007549
548125725 648950889
611847645 945941986
288547230 572763724
724849369 887515519
770847236 910328842
275091485 567022004
363436519 801964141
483288955 840942690
180957319 346752347
227970021 984917896
507425924 792623041
920724249 989766444
58940192 893837880
203152306 308409837
993977961 999592759
181758301 596064551
622731617 843623984
30669692 769709130
847796454 930858899
113220165 266530587
370095458 847127535
202055715 517383121
29502556 131069532
472627372 474233425
651030879 801529667
848374276 949451870
508947671 634590310
390754582 594734710
811781432 881833830
6793244 551029273
865703761 986799878
157102432 185381723
315057105 771810406
659102814 809959732
865424964 865718133
157926310 216283694
708982697 833363008
438597564 535453541
275290375 506447006
422776764 675604009
413001951 925763263
638020986 847689820
26601127 930320931
178256621 813881756
899361676 951262922
333828263 784234011
769474426 927511679
535735667 645031113
642897289 755395483
689941165 907935770
687342001 864663188
652909657 896497063
618599732 809228506
290395284 412215625
895418531 911759356
312821577 330959432
498292074 561564102
414689571 890856869
555376888 624452845
254721829 291992024
478669524 759750832
639452822 719466924
363578778 454553484
183468774 613067529
914975443 961052881
635209355 907895253
115939794 420190702
351730066 361891547
164145181 527921789
981879932 987262694
61640366 977015787
482734729 970962193
861612591 961566632
409428608 452467053
20624250 739257976
929582400 988371769
9653936 611750186
90854378 133349720
673148132 693033092
595011695 727258647
104283055 433091770
304385258 660322935
940454773 994295648
756530357 869757068
944244947 967889501
643970784 787724771
949265455 984893924
751896581 939270632
494561858 772779422
246328352 834594102
520936954 950804037
217145760 670900166
221384258 431564148
425570342 546394329
310808317 567554642
357988009 653390197
708092925 957301838
372298835 471534190
617870089 832458759
424448744 592259832
399888980 548684130
340845077 411167294
476589438 558487784
625963313 678714389
97919214 383296522
