49 934
6 4 426181904
29 4 488335607
20 4 465314567
24 6 249806421
43 6 261784012
21 29 294132542
46 43 146175429
5 4 347529793
27 46 296093397
16 24 2013428
38 6 257347107
39 38 581497200
19 27 788544540
12 38 769946128
26 16 352520649
10 39 627683833
41 26 513003715
34 6 98168919
8 34 944803375
44 4 608119037
18 29 574050555
48 20 85180108
49 6 639217012
11 27 19613136
1 8 384667991
47 49 378697196
13 24 510559630
37 20 258383140
36 43 557050397
3 41 638598084
31 13 818732335
14 41 997222274
33 3 937445115
35 43 773035232
25 38 712680499
45 37 824047450
17 31 483141549
32 6 907195196
28 33 680950120
7 20 239546056
15 11 620433880
2 25 377335480
9 11 646350819
23 26 309693243
42 1 929751313
30 42 458525871
22 12 416818164
40 38 799472399
79535 82966
65227 95997
30458 69360
1369 43013
20993 31362
70000 88413
57970 71320
27460 80467
43431 98656
66116 72430
12709 15925
43229 54733
41664 74605
54261 60253
52193 69932
36774 49089
76275 93557
6724 7026
3554 7426
42027 84445
89671 99676
27758 70419
17232 23367
92823 98546
16823 19055
37485 49987
72903 85750
26093 70328
22986 53972
39768 78217
78738 89844
91100 99175
3130 99947
16512 77475
95862 96222
59281 72714
55142 78544
81356 86245
3979 87877
1384 20760
96751 97415
82859 98371
74740 91648
15571 67638
47662 84653
93731 95081
93362 97254
925 69224
75251 81595
624 84129
98432 99301
41698 70988
97354 99634
36776 48620
29320 30679
31630 84312
73070 79032
19968 29046
86408 89851
59059 65504
96993 97790
98711 98825
18519 57734
95580 98648
4654 91075
2787 75253
94388 94998
96242 98253
14725 21489
44243 76180
49411 76140
86030 86121
62793 90840
77458 91917
48511 71875
64843 97152
73543 85518
73790 85875
174 16415
9991 69839
36367 47090
6120 35189
38300 81441
38958 57640
92025 96833
56709 98992
70637 71903
88722 93168
44214 94407
197 59068
28535 95839
81418 99080
90186 98307
35152 57714
29400 31286
92452 99652
35108 48351
65226 73661
28032 75956
9793 73136
50125 97957
92325 96894
61866 78658
20883 30723
68245 95472
76838 77863
32077 89964
55922 70746
68197 97076
16036 87459
96412 98920
45126 46297
97968 99374
18958 64490
48379 61397
16586 64705
1019 85109
23788 39842
40320 60590
43114 48137
88652 97485
63569 67188
43445 95024
98802 99414
61424 71965
32267 37010
69133 94376
49571 69354
88119 98632
89653 97109
36736 42060
56235 90028
26578 86978
62665 66405
99237 99749
83261 86960
36642 57889
9539 22240
96670 96815
38960 91303
29339 95259
31635 80979
48994 57378
95677 95680
98664 99149
29614 67997
35148 62189
51182 83771
819 28428
17484 41410
93608 93646
2944 65207
10098 86155
42066 95148
73147 88914
26889 40901
30598 59075
30548 55390
87262 87991
22611 23700
56242 69831
99995 99999
72848 90522
33636 84423
76548 97074
95394 99765
37355 87354
70803 71987
7581 97099
89532 92826
9626 89500
37294 45722
54252 84249
26359 50017
64928 92779
55444 61171
71720 86085
35415 98843
54603 87545
81220 83606
81071 93531
71426 90611
54195 92020
67328 77023
8689 22095
47133 91897
86016 91118
60738 77985
94170 99766
26219 60047
9631 17006
62663 87344
9093 74254
78215 88395
25675 77927
53877 72146
81139 98127
78805 95138
49599 63676
97587 98726
49765 86045
27880 66405
30244 66513
74366 95964
43712 80452
41880 96541
2049 28651
30529 37457
86040 88636
80352 84081
74653 88700
2313 52321
2700 60498
31147 44990
47447 60022
90976 91490
38464 40022
28853 54142
57117 89121
91471 97442
73866 91253
85668 85975
18221 95791
12567 42329
54408 74200
69739 93986
95501 95912
37155 48269
34657 55933
51587 92418
68495 90101
56604 72157
72305 98155
38033 86597
86222 86365
18298 55088
31591 60670
77369 82701
33568 52285
66817 89476
28781 45905
18711 78892
30074 62898
88701 89601
46090 68006
22542 83852
32145 40915
278 50408
75583 80132
22569 94299
59794 81847
2511 18622
83452 92703
18745 96636
477 83058
30120 53887
92051 97962
26262 76880
50349 87502
40724 69383
29426 94286
92737 95443
78901 99210
76193 79107
52612 96801
82488 95838
45844 97575
46520 76128
49379 96796
23692 36634
92367 92595
25876 77813
19817 89056
24376 92204
81737 82859
76856 85031
42712 68165
1379 92726
97576 98286
13254 72969
85144 88410
78174 91547
93810 94510
77342 94439
33138 36116
23192 99874
37770 87642
20310 69136
71959 93509
82654 82706
64645 79791
18610 66926
3739 97711
58042 73393
46269 98415
19971 61231
36809 41193
54148 82416
63293 93470
47666 94094
97141 98653
4623 47048
65822 87631
90958 91522
23657 95552
21372 40235
76225 91141
48639 79638
99220 99783
58914 93983
92346 94280
1222 21661
15455 78546
68443 74328
41648 97436
83598 86833
42891 72957
71301 90136
56617 64021
11991 45958
71797 93770
70639 79452
11572 42009
56193 65135
33566 83960
45886 58845
42277 57911
10478 54423
15803 31951
8681 29650
19246 94043
85246 97080
2453 28655
43163 82899
80095 87345
10026 48267
22772 77285
72746 94698
64757 74045
56304 63896
17165 53604
79455 84624
14142 83160
13481 28095
79505 86202
36923 49109
31263 33541
27868 69990
32498 85152
34060 87982
69638 90542
24027 81980
32534 62460
77623 80180
91317 93679
61285 82994
10512 93726
54160 85330
62779 69657
31406 63271
82802 97204
78210 80318
57532 60893
14502 94656
69740 96170
89537 94022
25011 79307
95871 99110
77132 84686
30033 60555
61684 94662
30786 31711
9947 40413
82417 99486
66582 81895
61402 77050
14218 17009
37739 83118
87665 99274
16331 74711
4791 67382
19116 94505
25019 36568
78366 80616
64816 88939
1735 8972
1729 91043
56691 86352
63331 91771
12543 91079
61048 64267
24036 49634
33673 70429
40884 91360
11620 60758
96311 98429
97378 98881
44501 81450
25748 79514
95861 98701
81808 84321
72424 99742
46182 92037
41059 68916
77937 92134
51963 64803
66060 94227
56621 82693
71220 78778
9411 85582
37763 43890
16710 37962
24205 49780
20083 30008
50334 73394
1900 77019
96399 97865
51898 85324
5258 23641
68207 94501
26890 39354
10677 73315
83032 87810
19792 85329
10476 96835
5691 78973
72857 74321
65529 66886
820 2904
22149 94955
70470 75753
15215 87652
57676 88718
21316 74505
44925 47514
86744 94298
30261 98136
68599 88900
43829 60070
9616 78997
36065 67089
84130 85985
97307 99667
84510 96972
16224 18462
34552 37216
83121 86306
55391 93891
77620 81974
77780 98261
7109 54564
34242 53131
47903 54417
94524 97700
89825 98948
42304 78097
9567 48843
40455 77672
53592 87690
90442 92728
29489 48527
30887 92561
62720 91825
50520 86466
19588 73513
14473 58891
48951 67452
77941 86583
77885 79639
97582 99725
38273 39570
39200 90560
182 45655
82994 86128
64664 86678
76994 88799
47064 80979
92021 94939
2912 80443
11529 49415
37603 61844
8511 65819
8789 85051
56689 60487
21613 55903
62655 80319
92942 96696
82390 88130
24844 38645
8967 29768
95021 96249
99452 99679
37451 72091
46069 63964
14534 85100
71020 84810
42185 59867
80303 87111
57731 99548
4279 67602
33496 60741
80861 98026
68813 92659
63255 95026
67252 72528
60505 92197
64114 81343
62044 64630
53344 57638
75776 89666
36950 61459
47525 51241
40146 66264
20922 83564
32190 46770
5502 73783
32554 61307
39059 59090
9339 47213
22046 71618
24955 53692
22748 63959
35023 39885
14488 71268
73152 77033
34267 45370
12237 73372
59361 99634
17966 92093
5806 48891
16330 41667
42001 67812
69352 86506
64152 73615
521 72315
79331 79828
33570 96188
67973 91225
3268 87721
39380 59902
1962 93335
81636 99819
18698 33287
67456 86148
27708 90370
13536 17744
93031 98438
59504 60919
89065 96225
30661 37297
82985 84694
94170 95846
39520 62119
90415 95266
33510 38003
32461 58914
99575 99982
95243 97516
22863 98104
83722 99120
34247 52175
97926 99615
84984 90187
90494 96630
57369 71263
29416 43298
19753 66222
52789 92952
67153 98590
74181 80959
17039 73415
53590 91896
43612 55547
20823 61365
55298 95777
27592 90217
53507 54031
20012 69938
89996 96353
33811 99411
61035 87863
12194 59588
63003 69740
27205 46426
95655 99218
39417 43632
60742 61298
21582 69524
86149 95514
80435 96591
24564 64562
91107 98599
4016 83224
75259 84899
45788 50711
83548 96100
46550 98138
6559 88636
22655 71638
99440 99493
33419 72848
16031 17349
80585 92078
4508 84122
6641 75863
29753 73004
4741 16224
99573 99646
69114 95217
51960 80375
80518 90686
66250 73274
17327 52414
21964 67294
86771 95080
33697 80339
44765 86095
39115 76916
5204 19953
70459 86480
54009 57449
67616 86749
27824 98514
40693 56542
19266 50901
41969 57786
65351 84717
94471 94713
66347 99797
52517 90350
41638 77670
10556 83242
47709 59286
15512 88041
58220 99315
73026 90169
94652 97662
29686 61424
39692 78449
18296 71918
87796 94573
82410 95816
77498 85467
5730 82203
55673 83834
23502 49939
11969 27753
78163 88681
21159 56959
50082 64789
52611 80638
21329 21753
49227 65800
5283 66762
8 2595
88034 94933
41560 63561
90744 97758
49632 60330
43112 89850
29592 44153
8170 63863
30970 44641
60848 82272
76280 87516
54084 64365
75827 89936
15776 34377
58325 79532
88262 98320
21797 89361
22768 72759
74845 86550
81207 93787
24806 85735
33158 86063
63178 83371
39844 58336
62403 87136
49644 50600
77367 99294
84591 89671
86385 92069
61154 82439
61260 89056
44966 53869
2762 39310
29919 52268
6370 11608
43780 69297
84950 86273
59682 95249
67555 84740
18802 85207
26196 70151
16314 94627
84271 85556
28032 80714
56234 86114
14114 82411
12400 62586
34759 54426
33036 53958
32886 92458
60095 74241
31600 87286
76875 94587
9068 55451
32480 94064
66921 76870
60295 60554
11952 78670
43949 86816
30923 44452
63189 93215
12988 87731
67058 88704
46384 74239
27490 73061
74746 90829
18792 87735
15225 34667
1536 91829
86132 99305
49238 60408
51673 56760
11477 71106
10778 20854
33379 49972
51624 59565
70089 95763
49928 95440
83158 88434
37740 58392
2809 47930
42616 50422
8501 79963
32206 68347
98518 98958
85737 92611
23646 68910
37597 59073
43118 58372
76389 79835
3346 69214
3863 46376
11712 19473
62834 85439
41456 48284
84894 86910
28407 74718
48926 92871
70680 91983
54521 99381
31681 48418
15255 85265
54062 81478
14216 78903
93932 96845
53990 59727
17492 84351
72066 81768
10355 24911
77166 89345
45730 74394
13267 35898
3722 75921
99340 99576
27438 65955
95227 97831
50185 97246
50303 98983
9108 71779
95073 95077
73291 94672
51874 94617
12026 98442
17568 19179
43218 92029
36227 91496
55815 64330
7635 85075
4035 8521
51112 54501
2851 60477
5956 96729
37635 66979
6179 41621
38548 69118
24176 99105
18778 72699
40469 73182
11991 81709
34965 65799
43489 71784
83002 96164
93283 96488
30835 39766
29265 31629
56653 84532
13742 22874
34972 92726
5322 52993
37908 38877
11416 35431
56183 81736
64161 75974
98711 99202
19515 91424
20721 72173
94744 96047
86466 98291
61607 93883
84143 94282
20970 40250
87405 97623
86733 92383
24812 45862
50839 61447
92979 94750
67917 82573
66053 86990
55978 95712
26884 87411
97844 98285
44752 94116
31146 54882
72860 86922
60772 73736
34225 87831
30380 38061
21452 93979
7849 27946
62573 72223
50571 59256
23486 32335
5513 60399
1891 44974
73851 95212
18826 46195
26665 83879
1412 59217
15065 73470
87446 93353
24207 45195
95398 95431
16435 37664
25327 67985
86773 93809
42662 97998
26784 78857
69283 74180
5123 99201
89062 92840
84158 93504
8580 19972
79864 94164
96119 99730
49208 64486
56817 91774
67981 99198
26674 49760
64968 70259
47488 98155
40555 77664
90282 91863
79792 91541
93463 96267
83667 84702
4182 89760
60654 93525
69765 75993
66487 94453
27197 84585
42564 85151
3903 26907
9410 12803
56053 92005
58243 91108
20124 35664
44821 59388
47209 60086
1134 52903
14253 76647
62431 72903
99284 99414
65041 90146
12022 94518
82146 88650
43155 70628
8371 92112
59984 90899
22805 36311
41679 53643
31830 35483
64287 73938
43105 70035
10399 37656
21568 58538
50046 80820
78920 98543
975 92425
61244 85361
11589 43955
60406 70616
83683 93587
22849 72785
49553 63072
77407 78731
17559 46704
15257 96149
90507 92638
69466 78938
73659 81373
84399 95341
53944 87796
48842 71572
55627 96132
71703 92226
39095 93179
9517 86619
13560 80344
97392 98229
5172 18149
71164 90579
94370 98313
12927 78489
72228 94741
30247 58115
23697 52174
85264 89917
90937 94862
34706 91636
63266 63336
